procID,event_type,logical_clock,real_clock,msg,msg_receiver,msg_ts
,START,0,1688314259,2023-07-02 16:10:59,False
3,MSG,2,1688314259,1,1,2
3,MSG,3,1688314259,1,2,2
3,MSG,4,1688314259,1,4,2
3,CS_REQUESTED,5,1688314259,,,
4,MSG,1,1688314259,1,1,2
4,MSG,7,1688314259,1,2,2
4,MSG,8,1688314259,1,3,2
4,CS_REQUESTED,9,1688314259,,,
1,MSG,6,1688314259,1,2,2
1,MSG,10,1688314259,1,3,2
2,MSG,11,1688314259,1,1,2
2,MSG,12,1688314259,1,3,2
2,MSG,13,1688314259,1,4,2
2,CS_REQUESTED,14,1688314259,,,
1,MSG,15,1688314259,1,4,2
1,CS_REQUESTED,16,1688314259,,,
4,MSG,17,1688314262,2,3,0
2,MSG,18,1688314264,2,1,0
3,MSG,19,1688314266,2,1,0
3,MSG,20,1688314268,2,2,0
4,MSG,21,1688314269,2,2,0
4,MSG,22,1688314270,2,1,0
1,CS_ACCESS,23,1688314278,,,
4,PROC_STOPPED,24,1688314279,,,
3,PROC_STOPPED,25,1688314280,,,
1,PROC_STOPPED,26,1688314280,,,
2,PROC_STOPPED,27,1688314280,,,
,END,28,1688314280,2023-07-02 16:11:20,False
