procID,event_type,logical_clock,real_clock,msg,msg_receiver,msg_ts
,START,0,1688313553,2023-07-02 15:59:13,False
4,,1,1688313553,,,
4,,2,1688313553,,,
4,,3,1688313553,,,
4,CS_REQUESTED,4,1688313553,,,
1,,5,1688313554,,,
3,,6,1688313554,,,
1,,7,1688313554,,,
1,,8,1688313554,,,
1,CS_REQUESTED,9,1688313554,,,
3,,10,1688313554,,,
3,,11,1688313554,,,
3,CS_REQUESTED,12,1688313554,,,
2,,13,1688313554,,,
3,,14,1688313556,,,
4,,15,1688313556,,,
2,,16,1688313556,,,
2,,17,1688313557,,,
4,,18,1688313557,,,
2,,19,1688313557,,,
2,,20,1688313557,,,
2,CS_REQUESTED,21,1688313557,,,
2,,22,1688313557,,,
1,CS_ACCESS,23,1688313559,,,
1,,24,1688313563,,,
1,,25,1688313563,,,
1,,26,1688313563,,,
1,CS_LEAVE,27,1688313563,,,
3,CS_ACCESS,28,1688313564,,,
3,,29,1688313567,,,
3,,30,1688313567,,,
3,CS_LEAVE,31,1688313567,,,
3,,32,1688313568,,,
3,,33,1688313568,,,
3,,34,1688313568,,,
3,CS_REQUESTED,35,1688313568,,,
1,,36,1688313568,,,
4,CS_ACCESS,37,1688313569,,,
1,,38,1688313570,,,
1,,39,1688313570,,,
1,,40,1688313570,,,
1,CS_REQUESTED,41,1688313570,,,
4,,42,1688313573,,,
4,,43,1688313573,,,
4,,44,1688313573,,,
4,CS_LEAVE,45,1688313573,,,
3,PROC_STOPPED,46,1688313574,,,
1,PROC_STOPPED,47,1688313574,,,
4,PROC_STOPPED,48,1688313574,,,
2,CS_ACCESS,49,1688313575,,,
2,PROC_STOPPED,50,1688313575,,,
,END,51,1688313575,2023-07-02 15:59:35,False
