procID,event_type,logical_clock,real_clock,msg,msg_receiver,msg_ts
,START,0,1688318617,2023-07-02 17:23:37,False
5,MSG,1,1688318617,REQUEST,2,0
5,MSG,2,1688318617,REQUEST,4,0
5,MSG,3,1688318617,REQUEST,5,0
5,MSG,4,1688318617,REQUEST,6,0
5,MSG,5,1688318617,REQUEST,8,0
5,CS_REQUESTED,6,1688318617,,,
4,MSG,7,1688318618,ACK,5,0
8,MSG,8,1688318618,REQUEST,2,0
2,MSG,9,1688318618,ACK,5,0
8,MSG,10,1688318618,REQUEST,5,0
8,MSG,11,1688318618,REQUEST,7,0
8,MSG,12,1688318618,REQUEST,8,0
8,MSG,13,1688318618,REQUEST,9,0
8,CS_REQUESTED,14,1688318618,,,
8,MSG,15,1688318618,ACK,5,0
5,MSG,16,1688318618,ACK,5,0
6,MSG,17,1688318618,ACK,5,0
7,MSG,18,1688318619,ACK,8,0
9,MSG,19,1688318619,ACK,8,0
2,MSG,20,1688318620,REQUEST,1,0
2,MSG,21,1688318620,REQUEST,2,0
2,MSG,22,1688318620,REQUEST,3,0
2,MSG,23,1688318620,REQUEST,5,0
2,MSG,24,1688318620,REQUEST,8,0
2,CS_REQUESTED,25,1688318620,,,
3,MSG,26,1688318620,ACK,2,0
1,MSG,27,1688318620,ACK,2,0
5,CS_ACCESS,28,1688318625,,,
4,MSG,29,1688318627,REQUEST,1,0
4,MSG,30,1688318627,REQUEST,4,0
4,MSG,31,1688318627,REQUEST,5,0
4,MSG,32,1688318627,REQUEST,6,0
4,MSG,33,1688318627,REQUEST,7,0
4,CS_REQUESTED,34,1688318627,,,
5,MSG,35,1688318628,RELEASE,2,0
5,MSG,36,1688318628,RELEASE,4,0
5,MSG,37,1688318628,RELEASE,5,0
5,MSG,38,1688318628,RELEASE,6,0
5,MSG,39,1688318628,RELEASE,8,0
5,CS_LEAVE,40,1688318628,,,
6,MSG,41,1688318628,ACK,4,0
3,MSG,42,1688318628,REQUEST,1,0
3,MSG,43,1688318628,REQUEST,2,0
3,MSG,44,1688318628,REQUEST,3,0
3,MSG,45,1688318628,REQUEST,6,0
3,MSG,46,1688318628,REQUEST,9,0
3,CS_REQUESTED,47,1688318628,,,
4,MSG,48,1688318629,ACK,4,0
2,MSG,49,1688318629,ACK,8,0
8,MSG,50,1688318629,ACK,8,0
5,MSG,51,1688318629,ACK,8,0
6,MSG,52,1688318632,REQUEST,3,0
6,MSG,53,1688318632,REQUEST,4,0
6,MSG,54,1688318632,REQUEST,5,0
6,MSG,55,1688318632,REQUEST,6,0
6,MSG,56,1688318632,REQUEST,9,0
6,CS_REQUESTED,57,1688318632,,,
8,CS_ACCESS,58,1688318633,,,
1,MSG,59,1688318633,REQUEST,1,0
1,MSG,60,1688318633,REQUEST,2,0
1,MSG,61,1688318633,REQUEST,3,0
1,MSG,62,1688318633,REQUEST,4,0
1,MSG,63,1688318633,REQUEST,7,0
1,CS_REQUESTED,64,1688318633,,,
8,MSG,65,1688318636,RELEASE,2,0
8,MSG,66,1688318636,RELEASE,5,0
8,MSG,67,1688318636,RELEASE,7,0
8,MSG,68,1688318636,RELEASE,8,0
8,MSG,69,1688318636,RELEASE,9,0
8,CS_LEAVE,70,1688318636,,,
5,MSG,71,1688318636,ACK,2,0
7,MSG,72,1688318637,REQUEST,1,0
7,MSG,73,1688318637,REQUEST,4,0
7,MSG,74,1688318637,REQUEST,7,0
7,MSG,75,1688318637,REQUEST,8,0
7,MSG,76,1688318637,REQUEST,9,0
7,CS_REQUESTED,77,1688318637,,,
7,MSG,78,1688318637,ACK,4,0
9,MSG,79,1688318637,ACK,3,0
2,MSG,80,1688318637,ACK,2,0
8,MSG,81,1688318637,ACK,2,0
2,CS_ACCESS,82,1688318641,,,
5,MSG,83,1688318641,REQUEST,2,0
5,MSG,84,1688318641,REQUEST,4,0
5,MSG,85,1688318641,REQUEST,5,0
5,MSG,86,1688318641,REQUEST,6,0
5,MSG,87,1688318641,REQUEST,8,0
5,CS_REQUESTED,88,1688318641,,,
2,MSG,89,1688318644,RELEASE,1,0
2,MSG,90,1688318644,RELEASE,2,0
2,MSG,91,1688318644,RELEASE,3,0
2,MSG,92,1688318644,RELEASE,5,0
2,MSG,93,1688318644,RELEASE,8,0
2,CS_LEAVE,94,1688318644,,,
5,MSG,95,1688318644,ACK,4,0
3,MSG,96,1688318644,ACK,3,0
1,MSG,97,1688318644,ACK,4,0
2,MSG,98,1688318645,ACK,3,0
8,MSG,99,1688318645,ACK,7,0
4,CS_ACCESS,100,1688318647,,,
8,MSG,101,1688318649,REQUEST,2,0
8,MSG,102,1688318649,REQUEST,5,0
8,MSG,103,1688318649,REQUEST,7,0
8,MSG,104,1688318649,REQUEST,8,0
8,MSG,105,1688318649,REQUEST,9,0
8,CS_REQUESTED,106,1688318649,,,
4,MSG,107,1688318650,RELEASE,1,0
4,MSG,108,1688318650,RELEASE,4,0
4,MSG,109,1688318650,RELEASE,5,0
4,MSG,110,1688318650,RELEASE,6,0
4,MSG,111,1688318650,RELEASE,7,0
4,CS_LEAVE,112,1688318650,,,
5,MSG,113,1688318650,ACK,6,0
6,MSG,114,1688318650,ACK,3,0
1,MSG,115,1688318650,ACK,3,0
7,MSG,116,1688318651,ACK,1,0
4,MSG,117,1688318651,ACK,6,0
9,MSG,118,1688318651,REQUEST,3,0
9,MSG,119,1688318651,REQUEST,6,0
9,MSG,120,1688318651,REQUEST,7,0
9,MSG,121,1688318651,REQUEST,8,0
9,MSG,122,1688318651,REQUEST,9,0
9,CS_REQUESTED,123,1688318651,,,
3,CS_ACCESS,124,1688318652,,,
3,MSG,125,1688318655,RELEASE,1,0
3,MSG,126,1688318655,RELEASE,2,0
3,MSG,127,1688318655,RELEASE,3,0
3,MSG,128,1688318655,RELEASE,6,0
3,MSG,129,1688318655,RELEASE,9,0
3,CS_LEAVE,130,1688318655,,,
1,MSG,131,1688318655,ACK,1,0
9,MSG,132,1688318656,ACK,6,0
2,MSG,133,1688318656,ACK,1,0
6,MSG,134,1688318656,ACK,6,0
3,MSG,135,1688318656,ACK,6,0
6,CS_ACCESS,136,1688318660,,,
4,MSG,137,1688318663,REQUEST,1,0
4,MSG,138,1688318663,REQUEST,4,0
4,MSG,139,1688318663,REQUEST,5,0
4,MSG,140,1688318663,REQUEST,6,0
4,MSG,141,1688318663,REQUEST,7,0
4,CS_REQUESTED,142,1688318663,,,
6,MSG,143,1688318663,RELEASE,3,0
6,MSG,144,1688318663,RELEASE,4,0
6,MSG,145,1688318663,RELEASE,5,0
6,MSG,146,1688318663,RELEASE,6,0
6,MSG,147,1688318663,RELEASE,9,0
6,CS_LEAVE,148,1688318663,,,
3,MSG,149,1688318663,ACK,1,0
9,MSG,150,1688318664,ACK,7,0
5,MSG,151,1688318664,ACK,5,0
6,MSG,152,1688318664,ACK,5,0
4,MSG,153,1688318665,ACK,1,0
1,CS_ACCESS,154,1688318666,,,
1,MSG,155,1688318669,RELEASE,1,0
1,MSG,156,1688318669,RELEASE,2,0
1,MSG,157,1688318669,RELEASE,3,0
1,MSG,158,1688318669,RELEASE,4,0
1,MSG,159,1688318669,RELEASE,7,0
1,CS_LEAVE,160,1688318669,,,
7,MSG,161,1688318670,ACK,7,0
4,MSG,162,1688318670,ACK,7,0
2,MSG,163,1688318670,ACK,5,0
3,MSG,164,1688318670,ACK,9,0
1,MSG,165,1688318670,ACK,7,0
7,CS_ACCESS,166,1688318674,,,
1,MSG,167,1688318674,REQUEST,1,0
1,MSG,168,1688318674,REQUEST,2,0
1,MSG,169,1688318674,REQUEST,3,0
1,MSG,170,1688318674,REQUEST,4,0
1,MSG,171,1688318674,REQUEST,7,0
1,CS_REQUESTED,172,1688318674,,,
7,MSG,173,1688318677,RELEASE,1,0
7,MSG,174,1688318677,RELEASE,4,0
7,MSG,175,1688318677,RELEASE,7,0
7,MSG,176,1688318677,RELEASE,8,0
7,MSG,177,1688318677,RELEASE,9,0
7,CS_LEAVE,178,1688318677,,,
9,MSG,179,1688318677,ACK,8,0
8,MSG,180,1688318677,ACK,5,0
6,PROC_STOPPED,181,1688318677,,,
3,PROC_STOPPED,182,1688318677,,,
1,MSG,183,1688318677,ACK,4,0
7,MSG,184,1688318678,ACK,8,0
4,MSG,185,1688318678,ACK,5,0
9,PROC_STOPPED,186,1688318678,,,
2,PROC_STOPPED,187,1688318678,,,
5,PROC_STOPPED,188,1688318678,,,
1,PROC_STOPPED,189,1688318678,,,
7,PROC_STOPPED,190,1688318679,,,
4,PROC_STOPPED,191,1688318679,,,
8,PROC_STOPPED,192,1688318679,,,
,END,193,1688318679,2023-07-02 17:24:39,False
