procID,event_type,logical_clock,real_clock,msg,msg_receiver,msg_ts
,START,0,1688316543,2023-07-02 16:49:03,False
30,MSG,1,1688316543,REQUEST,1,2
30,MSG,2,1688316543,REQUEST,2,2
30,MSG,3,1688316543,REQUEST,3,2
30,MSG,4,1688316543,REQUEST,4,2
30,MSG,5,1688316543,REQUEST,5,2
30,MSG,6,1688316543,REQUEST,6,2
30,MSG,7,1688316543,REQUEST,7,2
30,MSG,8,1688316543,REQUEST,8,2
30,MSG,9,1688316543,REQUEST,9,2
30,MSG,10,1688316543,REQUEST,10,2
30,MSG,11,1688316543,REQUEST,11,2
30,MSG,12,1688316543,REQUEST,12,2
30,MSG,13,1688316543,REQUEST,13,2
30,MSG,14,1688316543,REQUEST,14,2
30,MSG,15,1688316543,REQUEST,15,2
30,MSG,16,1688316543,REQUEST,16,2
30,MSG,17,1688316543,REQUEST,17,2
30,MSG,18,1688316543,REQUEST,18,2
30,MSG,19,1688316543,REQUEST,19,2
30,MSG,20,1688316543,REQUEST,20,2
30,MSG,21,1688316543,REQUEST,21,2
30,MSG,22,1688316543,REQUEST,22,2
30,MSG,23,1688316543,REQUEST,23,2
30,MSG,24,1688316543,REQUEST,24,2
30,MSG,25,1688316543,REQUEST,25,2
30,MSG,26,1688316543,REQUEST,26,2
30,MSG,27,1688316543,REQUEST,27,2
30,MSG,28,1688316543,REQUEST,28,2
30,MSG,29,1688316543,REQUEST,29,2
30,MSG,30,1688316543,REQUEST,31,2
30,MSG,31,1688316543,REQUEST,32,2
30,MSG,32,1688316543,REQUEST,33,2
30,MSG,33,1688316543,REQUEST,34,2
30,MSG,34,1688316543,REQUEST,35,2
30,MSG,35,1688316543,REQUEST,36,2
30,CS_REQUESTED,36,1688316543,,,
27,MSG,37,1688316543,REQUEST,1,2
27,MSG,38,1688316543,REQUEST,2,2
27,MSG,39,1688316543,REQUEST,3,2
27,MSG,40,1688316543,REQUEST,4,2
27,MSG,41,1688316543,REQUEST,5,2
27,MSG,42,1688316543,REQUEST,6,2
27,MSG,43,1688316543,REQUEST,7,2
27,MSG,44,1688316543,REQUEST,8,2
27,MSG,45,1688316543,REQUEST,9,2
27,MSG,46,1688316543,REQUEST,10,2
27,MSG,47,1688316543,REQUEST,11,2
27,MSG,48,1688316543,REQUEST,12,2
27,MSG,49,1688316543,REQUEST,13,2
27,MSG,50,1688316543,REQUEST,14,2
27,MSG,51,1688316543,REQUEST,15,2
27,MSG,52,1688316543,REQUEST,16,2
27,MSG,53,1688316543,REQUEST,17,2
27,MSG,54,1688316543,REQUEST,18,2
27,MSG,55,1688316543,REQUEST,19,2
27,MSG,56,1688316543,REQUEST,20,2
27,MSG,57,1688316543,REQUEST,21,2
27,MSG,58,1688316543,REQUEST,22,2
27,MSG,59,1688316543,REQUEST,23,2
27,MSG,60,1688316543,REQUEST,24,2
27,MSG,61,1688316543,REQUEST,25,2
27,MSG,62,1688316543,REQUEST,26,2
27,MSG,63,1688316543,REQUEST,28,2
27,MSG,64,1688316543,REQUEST,29,2
27,MSG,65,1688316543,REQUEST,30,2
27,MSG,66,1688316543,REQUEST,31,2
27,MSG,67,1688316543,REQUEST,32,2
27,MSG,68,1688316543,REQUEST,33,2
27,MSG,69,1688316543,REQUEST,34,2
27,MSG,70,1688316543,REQUEST,35,2
27,MSG,71,1688316543,REQUEST,36,2
27,CS_REQUESTED,72,1688316543,,,
20,MSG,73,1688316544,REQUEST,1,2
20,MSG,74,1688316544,REQUEST,2,2
20,MSG,75,1688316544,REQUEST,3,2
20,MSG,76,1688316544,REQUEST,4,2
20,MSG,77,1688316544,REQUEST,5,2
20,MSG,78,1688316544,REQUEST,6,2
20,MSG,79,1688316544,REQUEST,7,2
20,MSG,80,1688316544,REQUEST,8,2
20,MSG,81,1688316544,REQUEST,9,2
20,MSG,82,1688316544,REQUEST,10,2
20,MSG,83,1688316544,REQUEST,11,2
20,MSG,84,1688316544,REQUEST,12,2
20,MSG,85,1688316544,REQUEST,13,2
20,MSG,86,1688316544,REQUEST,14,2
20,MSG,87,1688316544,REQUEST,15,2
20,MSG,88,1688316544,REQUEST,16,2
20,MSG,89,1688316544,REQUEST,17,2
20,MSG,90,1688316544,REQUEST,18,2
20,MSG,91,1688316544,REQUEST,19,2
20,MSG,92,1688316544,REQUEST,21,2
20,MSG,93,1688316544,REQUEST,22,2
20,MSG,94,1688316544,REQUEST,23,2
20,MSG,95,1688316544,REQUEST,24,2
20,MSG,96,1688316544,REQUEST,25,2
20,MSG,97,1688316544,REQUEST,26,2
20,MSG,98,1688316544,REQUEST,27,2
20,MSG,99,1688316544,REQUEST,28,2
20,MSG,100,1688316544,REQUEST,29,2
20,MSG,101,1688316544,REQUEST,30,2
20,MSG,102,1688316544,REQUEST,31,2
20,MSG,103,1688316544,REQUEST,32,2
20,MSG,104,1688316544,REQUEST,33,2
20,MSG,105,1688316544,REQUEST,34,2
20,MSG,106,1688316544,REQUEST,35,2
20,MSG,107,1688316544,REQUEST,36,2
20,CS_REQUESTED,108,1688316544,,,
14,MSG,109,1688316544,REQUEST,1,2
14,MSG,110,1688316544,REQUEST,2,2
14,MSG,111,1688316544,REQUEST,3,2
14,MSG,112,1688316544,REQUEST,4,2
14,MSG,113,1688316544,REQUEST,5,2
14,MSG,114,1688316544,REQUEST,6,2
14,MSG,115,1688316544,REQUEST,7,2
14,MSG,116,1688316544,REQUEST,8,2
14,MSG,117,1688316544,REQUEST,9,2
14,MSG,118,1688316544,REQUEST,10,2
14,MSG,119,1688316544,REQUEST,11,2
14,MSG,120,1688316544,REQUEST,12,2
14,MSG,121,1688316544,REQUEST,13,2
14,MSG,122,1688316544,REQUEST,15,2
14,MSG,123,1688316544,REQUEST,16,2
14,MSG,124,1688316544,REQUEST,17,2
14,MSG,125,1688316544,REQUEST,18,2
14,MSG,126,1688316544,REQUEST,19,2
14,MSG,127,1688316544,REQUEST,20,2
14,MSG,128,1688316544,REQUEST,21,2
14,MSG,129,1688316544,REQUEST,22,2
14,MSG,130,1688316544,REQUEST,23,2
14,MSG,131,1688316544,REQUEST,24,2
14,MSG,132,1688316544,REQUEST,25,2
14,MSG,133,1688316544,REQUEST,26,2
14,MSG,134,1688316544,REQUEST,27,2
14,MSG,135,1688316544,REQUEST,28,2
14,MSG,136,1688316544,REQUEST,29,2
14,MSG,137,1688316544,REQUEST,30,2
14,MSG,138,1688316544,REQUEST,31,2
14,MSG,139,1688316544,REQUEST,32,2
14,MSG,140,1688316544,REQUEST,33,2
14,MSG,141,1688316544,REQUEST,34,2
14,MSG,142,1688316544,REQUEST,35,2
14,MSG,143,1688316544,REQUEST,36,2
14,CS_REQUESTED,144,1688316544,,,
23,MSG,145,1688316544,REQUEST,1,2
23,MSG,146,1688316544,REQUEST,2,2
23,MSG,147,1688316544,REQUEST,3,2
23,MSG,148,1688316544,REQUEST,4,2
23,MSG,149,1688316544,REQUEST,5,2
23,MSG,150,1688316544,REQUEST,6,2
23,MSG,151,1688316544,REQUEST,7,2
23,MSG,152,1688316544,REQUEST,8,2
23,MSG,153,1688316544,REQUEST,9,2
23,MSG,154,1688316544,REQUEST,10,2
23,MSG,155,1688316544,REQUEST,11,2
23,MSG,156,1688316544,REQUEST,12,2
23,MSG,157,1688316544,REQUEST,13,2
23,MSG,158,1688316544,REQUEST,14,2
23,MSG,159,1688316544,REQUEST,15,2
23,MSG,160,1688316544,REQUEST,16,2
23,MSG,161,1688316544,REQUEST,17,2
23,MSG,162,1688316544,REQUEST,18,2
23,MSG,163,1688316544,REQUEST,19,2
23,MSG,164,1688316544,REQUEST,20,2
23,MSG,165,1688316544,REQUEST,21,2
23,MSG,166,1688316544,REQUEST,22,2
23,MSG,167,1688316544,REQUEST,24,2
23,MSG,168,1688316544,REQUEST,25,2
23,MSG,169,1688316544,REQUEST,26,2
23,MSG,170,1688316544,REQUEST,27,2
23,MSG,171,1688316544,REQUEST,28,2
23,MSG,172,1688316544,REQUEST,29,2
23,MSG,173,1688316544,REQUEST,30,2
23,MSG,174,1688316544,REQUEST,31,2
23,MSG,175,1688316544,REQUEST,32,2
23,MSG,176,1688316544,REQUEST,33,2
23,MSG,177,1688316544,REQUEST,34,2
23,MSG,178,1688316544,REQUEST,35,2
23,MSG,179,1688316544,REQUEST,36,2
23,CS_REQUESTED,180,1688316544,,,
11,MSG,181,1688316544,REQUEST,1,2
11,MSG,182,1688316544,REQUEST,2,2
11,MSG,183,1688316544,REQUEST,3,2
11,MSG,184,1688316544,REQUEST,4,2
11,MSG,185,1688316544,REQUEST,5,2
11,MSG,186,1688316544,REQUEST,6,2
11,MSG,187,1688316544,REQUEST,7,2
11,MSG,188,1688316544,REQUEST,8,2
11,MSG,189,1688316544,REQUEST,9,2
11,MSG,190,1688316544,REQUEST,10,2
11,MSG,191,1688316544,REQUEST,12,2
11,MSG,192,1688316544,REQUEST,13,2
11,MSG,193,1688316544,REQUEST,14,2
11,MSG,194,1688316544,REQUEST,15,2
11,MSG,195,1688316544,REQUEST,16,2
11,MSG,196,1688316544,REQUEST,17,2
11,MSG,197,1688316544,REQUEST,18,2
11,MSG,198,1688316544,REQUEST,19,2
11,MSG,199,1688316544,REQUEST,20,2
11,MSG,200,1688316544,REQUEST,21,2
11,MSG,201,1688316544,REQUEST,22,2
11,MSG,202,1688316544,REQUEST,23,2
11,MSG,203,1688316544,REQUEST,24,2
11,MSG,204,1688316544,REQUEST,25,2
11,MSG,205,1688316544,REQUEST,26,2
11,MSG,206,1688316544,REQUEST,27,2
11,MSG,207,1688316544,REQUEST,28,2
11,MSG,208,1688316544,REQUEST,29,2
11,MSG,209,1688316544,REQUEST,30,2
11,MSG,210,1688316544,REQUEST,31,2
11,MSG,211,1688316544,REQUEST,32,2
11,MSG,212,1688316544,REQUEST,33,2
11,MSG,213,1688316544,REQUEST,34,2
11,MSG,214,1688316544,REQUEST,35,2
11,MSG,215,1688316544,REQUEST,36,2
11,CS_REQUESTED,216,1688316544,,,
34,MSG,217,1688316544,REQUEST,1,2
34,MSG,218,1688316544,REQUEST,2,2
34,MSG,219,1688316544,REQUEST,3,2
34,MSG,220,1688316544,REQUEST,4,2
34,MSG,221,1688316544,REQUEST,5,2
34,MSG,222,1688316544,REQUEST,6,2
34,MSG,223,1688316544,REQUEST,7,2
34,MSG,224,1688316544,REQUEST,8,2
34,MSG,225,1688316544,REQUEST,9,2
34,MSG,226,1688316544,REQUEST,10,2
34,MSG,227,1688316544,REQUEST,11,2
34,MSG,228,1688316544,REQUEST,12,2
34,MSG,229,1688316544,REQUEST,13,2
34,MSG,230,1688316544,REQUEST,14,2
34,MSG,231,1688316544,REQUEST,15,2
34,MSG,232,1688316544,REQUEST,16,2
34,MSG,233,1688316544,REQUEST,17,2
34,MSG,234,1688316544,REQUEST,18,2
34,MSG,235,1688316544,REQUEST,19,2
34,MSG,236,1688316544,REQUEST,20,2
34,MSG,237,1688316544,REQUEST,21,2
34,MSG,238,1688316544,REQUEST,22,2
34,MSG,239,1688316544,REQUEST,23,2
34,MSG,240,1688316544,REQUEST,24,2
34,MSG,241,1688316544,REQUEST,25,2
34,MSG,242,1688316544,REQUEST,26,2
34,MSG,243,1688316544,REQUEST,27,2
34,MSG,244,1688316544,REQUEST,28,2
34,MSG,245,1688316544,REQUEST,29,2
34,MSG,246,1688316544,REQUEST,30,2
34,MSG,247,1688316544,REQUEST,31,2
34,MSG,248,1688316544,REQUEST,32,2
34,MSG,249,1688316544,REQUEST,33,2
34,MSG,250,1688316544,REQUEST,35,2
34,MSG,251,1688316544,REQUEST,36,2
34,CS_REQUESTED,252,1688316544,,,
8,MSG,253,1688316544,REQUEST,1,2
8,MSG,254,1688316544,REQUEST,2,2
8,MSG,255,1688316544,REQUEST,3,2
8,MSG,256,1688316544,REQUEST,4,2
8,MSG,257,1688316544,REQUEST,5,2
8,MSG,258,1688316544,REQUEST,6,2
8,MSG,259,1688316544,REQUEST,7,2
8,MSG,260,1688316544,REQUEST,9,2
8,MSG,261,1688316544,REQUEST,10,2
8,MSG,262,1688316544,REQUEST,11,2
8,MSG,263,1688316544,REQUEST,12,2
8,MSG,264,1688316544,REQUEST,13,2
8,MSG,265,1688316544,REQUEST,14,2
8,MSG,266,1688316544,REQUEST,15,2
8,MSG,267,1688316544,REQUEST,16,2
8,MSG,268,1688316544,REQUEST,17,2
8,MSG,269,1688316544,REQUEST,18,2
8,MSG,270,1688316544,REQUEST,19,2
8,MSG,271,1688316544,REQUEST,20,2
8,MSG,272,1688316544,REQUEST,21,2
8,MSG,273,1688316544,REQUEST,22,2
8,MSG,274,1688316544,REQUEST,23,2
8,MSG,275,1688316544,REQUEST,24,2
8,MSG,276,1688316544,REQUEST,25,2
8,MSG,277,1688316544,REQUEST,26,2
8,MSG,278,1688316544,REQUEST,27,2
8,MSG,279,1688316544,REQUEST,28,2
8,MSG,280,1688316544,REQUEST,29,2
8,MSG,281,1688316544,REQUEST,30,2
8,MSG,282,1688316544,REQUEST,31,2
8,MSG,283,1688316544,REQUEST,32,2
8,MSG,284,1688316544,REQUEST,33,2
8,MSG,285,1688316544,REQUEST,34,2
8,MSG,286,1688316544,REQUEST,35,2
8,MSG,287,1688316544,REQUEST,36,2
8,CS_REQUESTED,288,1688316544,,,
3,MSG,289,1688316544,REQUEST,1,2
3,MSG,290,1688316544,REQUEST,2,2
3,MSG,291,1688316544,REQUEST,4,2
3,MSG,292,1688316544,REQUEST,5,2
3,MSG,293,1688316544,REQUEST,6,2
3,MSG,294,1688316544,REQUEST,7,2
3,MSG,295,1688316544,REQUEST,8,2
3,MSG,296,1688316544,REQUEST,9,2
3,MSG,297,1688316544,REQUEST,10,2
3,MSG,298,1688316544,REQUEST,11,2
3,MSG,299,1688316544,REQUEST,12,2
3,MSG,300,1688316544,REQUEST,13,2
3,MSG,301,1688316544,REQUEST,14,2
3,MSG,302,1688316544,REQUEST,15,2
3,MSG,303,1688316544,REQUEST,16,2
3,MSG,304,1688316544,REQUEST,17,2
3,MSG,305,1688316544,REQUEST,18,2
3,MSG,306,1688316544,REQUEST,19,2
3,MSG,307,1688316544,REQUEST,20,2
3,MSG,308,1688316544,REQUEST,21,2
3,MSG,309,1688316544,REQUEST,22,2
3,MSG,310,1688316544,REQUEST,23,2
3,MSG,311,1688316544,REQUEST,24,2
3,MSG,312,1688316544,REQUEST,25,2
3,MSG,313,1688316544,REQUEST,26,2
3,MSG,314,1688316544,REQUEST,27,2
3,MSG,315,1688316544,REQUEST,28,2
3,MSG,316,1688316544,REQUEST,29,2
3,MSG,317,1688316544,REQUEST,30,2
3,MSG,318,1688316544,REQUEST,31,2
3,MSG,319,1688316544,REQUEST,32,2
3,MSG,320,1688316544,REQUEST,33,2
3,MSG,321,1688316544,REQUEST,34,2
3,MSG,322,1688316544,REQUEST,35,2
3,MSG,323,1688316544,REQUEST,36,2
3,CS_REQUESTED,324,1688316544,,,
24,MSG,325,1688316544,REQUEST,1,2
10,MSG,326,1688316544,REQUEST,1,2
10,MSG,327,1688316544,REQUEST,2,2
10,MSG,328,1688316544,REQUEST,3,2
10,MSG,329,1688316544,REQUEST,4,2
10,MSG,330,1688316544,REQUEST,5,2
10,MSG,331,1688316544,REQUEST,6,2
10,MSG,332,1688316544,REQUEST,7,2
10,MSG,333,1688316544,REQUEST,8,2
10,MSG,334,1688316544,REQUEST,9,2
10,MSG,335,1688316544,REQUEST,11,2
10,MSG,336,1688316544,REQUEST,12,2
10,MSG,337,1688316544,REQUEST,13,2
10,MSG,338,1688316544,REQUEST,14,2
10,MSG,339,1688316544,REQUEST,15,2
10,MSG,340,1688316544,REQUEST,16,2
10,MSG,341,1688316544,REQUEST,17,2
24,MSG,342,1688316544,REQUEST,2,2
10,MSG,343,1688316544,REQUEST,18,2
10,MSG,344,1688316544,REQUEST,19,2
10,MSG,345,1688316544,REQUEST,20,2
10,MSG,346,1688316544,REQUEST,21,2
10,MSG,347,1688316544,REQUEST,22,2
10,MSG,348,1688316544,REQUEST,23,2
10,MSG,349,1688316544,REQUEST,24,2
10,MSG,350,1688316544,REQUEST,25,2
10,MSG,351,1688316544,REQUEST,26,2
10,MSG,352,1688316544,REQUEST,27,2
10,MSG,353,1688316544,REQUEST,28,2
10,MSG,354,1688316544,REQUEST,29,2
10,MSG,355,1688316544,REQUEST,30,2
10,MSG,356,1688316544,REQUEST,31,2
10,MSG,357,1688316544,REQUEST,32,2
10,MSG,358,1688316544,REQUEST,33,2
10,MSG,359,1688316544,REQUEST,34,2
10,MSG,360,1688316544,REQUEST,35,2
10,MSG,361,1688316544,REQUEST,36,2
24,MSG,362,1688316544,REQUEST,3,2
24,MSG,363,1688316544,REQUEST,4,2
24,MSG,364,1688316544,REQUEST,5,2
24,MSG,365,1688316544,REQUEST,6,2
24,MSG,366,1688316544,REQUEST,7,2
24,MSG,367,1688316544,REQUEST,8,2
24,MSG,368,1688316544,REQUEST,9,2
24,MSG,369,1688316544,REQUEST,10,2
24,MSG,370,1688316544,REQUEST,11,2
24,MSG,371,1688316544,REQUEST,12,2
24,MSG,372,1688316544,REQUEST,13,2
24,MSG,373,1688316544,REQUEST,14,2
24,MSG,374,1688316544,REQUEST,15,2
24,MSG,375,1688316544,REQUEST,16,2
10,CS_REQUESTED,376,1688316544,,,
24,MSG,377,1688316544,REQUEST,17,2
24,MSG,378,1688316544,REQUEST,18,2
24,MSG,379,1688316544,REQUEST,19,2
24,MSG,380,1688316544,REQUEST,20,2
24,MSG,381,1688316544,REQUEST,21,2
24,MSG,382,1688316544,REQUEST,22,2
24,MSG,383,1688316544,REQUEST,23,2
24,MSG,384,1688316544,REQUEST,25,2
24,MSG,385,1688316544,REQUEST,26,2
24,MSG,386,1688316544,REQUEST,27,2
24,MSG,387,1688316544,REQUEST,28,2
24,MSG,388,1688316544,REQUEST,29,2
24,MSG,389,1688316544,REQUEST,30,2
24,MSG,390,1688316544,REQUEST,31,2
24,MSG,391,1688316544,REQUEST,32,2
24,MSG,392,1688316544,REQUEST,33,2
24,MSG,393,1688316544,REQUEST,34,2
24,MSG,394,1688316544,REQUEST,35,2
24,MSG,395,1688316544,REQUEST,36,2
24,CS_REQUESTED,396,1688316544,,,
2,MSG,397,1688316544,REQUEST,1,2
2,MSG,398,1688316544,REQUEST,3,2
2,MSG,399,1688316544,REQUEST,4,2
2,MSG,400,1688316544,REQUEST,5,2
2,MSG,401,1688316544,REQUEST,6,2
2,MSG,402,1688316544,REQUEST,7,2
2,MSG,403,1688316544,REQUEST,8,2
2,MSG,404,1688316544,REQUEST,9,2
2,MSG,405,1688316544,REQUEST,10,2
2,MSG,406,1688316544,REQUEST,11,2
2,MSG,407,1688316544,REQUEST,12,2
2,MSG,408,1688316544,REQUEST,13,2
2,MSG,409,1688316544,REQUEST,14,2
2,MSG,410,1688316544,REQUEST,15,2
2,MSG,411,1688316544,REQUEST,16,2
2,MSG,412,1688316544,REQUEST,17,2
17,MSG,413,1688316544,REQUEST,1,2
2,MSG,414,1688316544,REQUEST,18,2
2,MSG,415,1688316544,REQUEST,19,2
2,MSG,416,1688316544,REQUEST,20,2
2,MSG,417,1688316544,REQUEST,21,2
2,MSG,418,1688316544,REQUEST,22,2
2,MSG,419,1688316544,REQUEST,23,2
2,MSG,420,1688316544,REQUEST,24,2
2,MSG,421,1688316544,REQUEST,25,2
2,MSG,422,1688316544,REQUEST,26,2
2,MSG,423,1688316544,REQUEST,27,2
2,MSG,424,1688316544,REQUEST,28,2
2,MSG,425,1688316544,REQUEST,29,2
2,MSG,426,1688316544,REQUEST,30,2
2,MSG,427,1688316544,REQUEST,31,2
2,MSG,428,1688316544,REQUEST,32,2
2,MSG,429,1688316544,REQUEST,33,2
2,MSG,430,1688316544,REQUEST,34,2
2,MSG,431,1688316544,REQUEST,35,2
2,MSG,432,1688316544,REQUEST,36,2
17,MSG,433,1688316544,REQUEST,2,2
17,MSG,434,1688316544,REQUEST,3,2
17,MSG,435,1688316544,REQUEST,4,2
17,MSG,436,1688316544,REQUEST,5,2
17,MSG,437,1688316544,REQUEST,6,2
17,MSG,438,1688316544,REQUEST,7,2
17,MSG,439,1688316544,REQUEST,8,2
17,MSG,440,1688316544,REQUEST,9,2
17,MSG,441,1688316544,REQUEST,10,2
17,MSG,442,1688316544,REQUEST,11,2
17,MSG,443,1688316544,REQUEST,12,2
17,MSG,444,1688316544,REQUEST,13,2
17,MSG,445,1688316544,REQUEST,14,2
17,MSG,446,1688316544,REQUEST,15,2
17,MSG,447,1688316544,REQUEST,16,2
2,CS_REQUESTED,448,1688316544,,,
17,MSG,449,1688316544,REQUEST,18,2
17,MSG,450,1688316544,REQUEST,19,2
17,MSG,451,1688316544,REQUEST,20,2
17,MSG,452,1688316544,REQUEST,21,2
17,MSG,453,1688316544,REQUEST,22,2
17,MSG,454,1688316544,REQUEST,23,2
17,MSG,455,1688316544,REQUEST,24,2
17,MSG,456,1688316544,REQUEST,25,2
17,MSG,457,1688316544,REQUEST,26,2
17,MSG,458,1688316544,REQUEST,27,2
17,MSG,459,1688316544,REQUEST,28,2
17,MSG,460,1688316544,REQUEST,29,2
17,MSG,461,1688316544,REQUEST,30,2
17,MSG,462,1688316544,REQUEST,31,2
17,MSG,463,1688316544,REQUEST,32,2
17,MSG,464,1688316544,REQUEST,33,2
17,MSG,465,1688316544,REQUEST,34,2
17,MSG,466,1688316544,REQUEST,35,2
17,MSG,467,1688316544,REQUEST,36,2
17,CS_REQUESTED,468,1688316544,,,
29,MSG,469,1688316544,REQUEST,1,2
29,MSG,470,1688316544,REQUEST,2,2
29,MSG,471,1688316544,REQUEST,3,2
29,MSG,472,1688316544,REQUEST,4,2
29,MSG,473,1688316544,REQUEST,5,2
29,MSG,474,1688316544,REQUEST,6,2
29,MSG,475,1688316544,REQUEST,7,2
29,MSG,476,1688316544,REQUEST,8,2
29,MSG,477,1688316544,REQUEST,9,2
29,MSG,478,1688316544,REQUEST,10,2
29,MSG,479,1688316544,REQUEST,11,2
29,MSG,480,1688316544,REQUEST,12,2
29,MSG,481,1688316544,REQUEST,13,2
29,MSG,482,1688316544,REQUEST,14,2
29,MSG,483,1688316544,REQUEST,15,2
29,MSG,484,1688316544,REQUEST,16,2
29,MSG,485,1688316544,REQUEST,17,2
29,MSG,486,1688316544,REQUEST,18,2
29,MSG,487,1688316544,REQUEST,19,2
29,MSG,488,1688316544,REQUEST,20,2
29,MSG,489,1688316544,REQUEST,21,2
29,MSG,490,1688316544,REQUEST,22,2
29,MSG,491,1688316544,REQUEST,23,2
29,MSG,492,1688316544,REQUEST,24,2
29,MSG,493,1688316544,REQUEST,25,2
29,MSG,494,1688316544,REQUEST,26,2
29,MSG,495,1688316544,REQUEST,27,2
29,MSG,496,1688316544,REQUEST,28,2
29,MSG,497,1688316544,REQUEST,30,2
29,MSG,498,1688316544,REQUEST,31,2
29,MSG,499,1688316544,REQUEST,32,2
29,MSG,500,1688316544,REQUEST,33,2
29,MSG,501,1688316544,REQUEST,34,2
29,MSG,502,1688316544,REQUEST,35,2
29,MSG,503,1688316544,REQUEST,36,2
29,CS_REQUESTED,504,1688316544,,,
16,MSG,505,1688316544,REQUEST,1,2
16,MSG,506,1688316544,REQUEST,2,2
16,MSG,507,1688316544,REQUEST,3,2
16,MSG,508,1688316544,REQUEST,4,2
16,MSG,509,1688316544,REQUEST,5,2
16,MSG,510,1688316544,REQUEST,6,2
16,MSG,511,1688316544,REQUEST,7,2
16,MSG,512,1688316544,REQUEST,8,2
16,MSG,513,1688316544,REQUEST,9,2
16,MSG,514,1688316544,REQUEST,10,2
16,MSG,515,1688316544,REQUEST,11,2
16,MSG,516,1688316544,REQUEST,12,2
16,MSG,517,1688316544,REQUEST,13,2
16,MSG,518,1688316544,REQUEST,14,2
16,MSG,519,1688316544,REQUEST,15,2
16,MSG,520,1688316544,REQUEST,17,2
16,MSG,521,1688316544,REQUEST,18,2
16,MSG,522,1688316544,REQUEST,19,2
16,MSG,523,1688316544,REQUEST,20,2
16,MSG,524,1688316544,REQUEST,21,2
16,MSG,525,1688316544,REQUEST,22,2
16,MSG,526,1688316544,REQUEST,23,2
16,MSG,527,1688316544,REQUEST,24,2
16,MSG,528,1688316544,REQUEST,25,2
16,MSG,529,1688316544,REQUEST,26,2
16,MSG,530,1688316544,REQUEST,27,2
16,MSG,531,1688316544,REQUEST,28,2
16,MSG,532,1688316544,REQUEST,29,2
16,MSG,533,1688316544,REQUEST,30,2
16,MSG,534,1688316544,REQUEST,31,2
16,MSG,535,1688316544,REQUEST,32,2
16,MSG,536,1688316544,REQUEST,33,2
16,MSG,537,1688316544,REQUEST,34,2
16,MSG,538,1688316544,REQUEST,35,2
16,MSG,539,1688316544,REQUEST,36,2
16,CS_REQUESTED,540,1688316544,,,
36,MSG,541,1688316544,REQUEST,1,2
36,MSG,542,1688316544,REQUEST,2,2
36,MSG,543,1688316544,REQUEST,3,2
36,MSG,544,1688316544,REQUEST,4,2
36,MSG,545,1688316544,REQUEST,5,2
36,MSG,546,1688316544,REQUEST,6,2
36,MSG,547,1688316544,REQUEST,7,2
36,MSG,548,1688316544,REQUEST,8,2
36,MSG,549,1688316544,REQUEST,9,2
36,MSG,550,1688316544,REQUEST,10,2
36,MSG,551,1688316544,REQUEST,11,2
36,MSG,552,1688316544,REQUEST,12,2
36,MSG,553,1688316544,REQUEST,13,2
36,MSG,554,1688316544,REQUEST,14,2
36,MSG,555,1688316544,REQUEST,15,2
36,MSG,556,1688316544,REQUEST,16,2
36,MSG,557,1688316544,REQUEST,17,2
36,MSG,558,1688316544,REQUEST,18,2
36,MSG,559,1688316544,REQUEST,19,2
36,MSG,560,1688316544,REQUEST,20,2
36,MSG,561,1688316544,REQUEST,21,2
36,MSG,562,1688316544,REQUEST,22,2
36,MSG,563,1688316544,REQUEST,23,2
36,MSG,564,1688316544,REQUEST,24,2
36,MSG,565,1688316544,REQUEST,25,2
36,MSG,566,1688316544,REQUEST,26,2
36,MSG,567,1688316544,REQUEST,27,2
36,MSG,568,1688316544,REQUEST,28,2
36,MSG,569,1688316544,REQUEST,29,2
36,MSG,570,1688316544,REQUEST,30,2
36,MSG,571,1688316544,REQUEST,31,2
36,MSG,572,1688316544,REQUEST,32,2
36,MSG,573,1688316544,REQUEST,33,2
36,MSG,574,1688316544,REQUEST,34,2
36,MSG,575,1688316544,REQUEST,35,2
36,CS_REQUESTED,576,1688316544,,,
33,MSG,577,1688316544,REQUEST,1,2
33,MSG,578,1688316544,REQUEST,2,2
33,MSG,579,1688316544,REQUEST,3,2
33,MSG,580,1688316544,REQUEST,4,2
33,MSG,581,1688316544,REQUEST,5,2
33,MSG,582,1688316544,REQUEST,6,2
33,MSG,583,1688316544,REQUEST,7,2
33,MSG,584,1688316544,REQUEST,8,2
33,MSG,585,1688316544,REQUEST,9,2
33,MSG,586,1688316544,REQUEST,10,2
33,MSG,587,1688316544,REQUEST,11,2
33,MSG,588,1688316544,REQUEST,12,2
33,MSG,589,1688316544,REQUEST,13,2
33,MSG,590,1688316544,REQUEST,14,2
33,MSG,591,1688316544,REQUEST,15,2
33,MSG,592,1688316544,REQUEST,16,2
33,MSG,593,1688316544,REQUEST,17,2
33,MSG,594,1688316544,REQUEST,18,2
33,MSG,595,1688316544,REQUEST,19,2
33,MSG,596,1688316544,REQUEST,20,2
33,MSG,597,1688316544,REQUEST,21,2
33,MSG,598,1688316544,REQUEST,22,2
33,MSG,599,1688316544,REQUEST,23,2
33,MSG,600,1688316544,REQUEST,24,2
33,MSG,601,1688316544,REQUEST,25,2
33,MSG,602,1688316544,REQUEST,26,2
33,MSG,603,1688316544,REQUEST,27,2
33,MSG,604,1688316544,REQUEST,28,2
33,MSG,605,1688316544,REQUEST,29,2
33,MSG,606,1688316544,REQUEST,30,2
33,MSG,607,1688316544,REQUEST,31,2
33,MSG,608,1688316544,REQUEST,32,2
33,MSG,609,1688316544,REQUEST,34,2
33,MSG,610,1688316544,REQUEST,35,2
33,MSG,611,1688316544,REQUEST,36,2
33,CS_REQUESTED,612,1688316544,,,
18,MSG,613,1688316544,REQUEST,1,2
18,MSG,614,1688316544,REQUEST,2,2
18,MSG,615,1688316544,REQUEST,3,2
18,MSG,616,1688316544,REQUEST,4,2
18,MSG,617,1688316544,REQUEST,5,2
18,MSG,618,1688316544,REQUEST,6,2
18,MSG,619,1688316544,REQUEST,7,2
18,MSG,620,1688316544,REQUEST,8,2
18,MSG,621,1688316544,REQUEST,9,2
18,MSG,622,1688316544,REQUEST,10,2
18,MSG,623,1688316544,REQUEST,11,2
18,MSG,624,1688316544,REQUEST,12,2
18,MSG,625,1688316544,REQUEST,13,2
18,MSG,626,1688316544,REQUEST,14,2
18,MSG,627,1688316544,REQUEST,15,2
18,MSG,628,1688316544,REQUEST,16,2
18,MSG,629,1688316544,REQUEST,17,2
18,MSG,630,1688316544,REQUEST,19,2
18,MSG,631,1688316544,REQUEST,20,2
18,MSG,632,1688316544,REQUEST,21,2
18,MSG,633,1688316544,REQUEST,22,2
18,MSG,634,1688316544,REQUEST,23,2
18,MSG,635,1688316544,REQUEST,24,2
18,MSG,636,1688316544,REQUEST,25,2
18,MSG,637,1688316544,REQUEST,26,2
18,MSG,638,1688316544,REQUEST,27,2
18,MSG,639,1688316544,REQUEST,28,2
18,MSG,640,1688316544,REQUEST,29,2
18,MSG,641,1688316544,REQUEST,30,2
18,MSG,642,1688316544,REQUEST,31,2
18,MSG,643,1688316544,REQUEST,32,2
18,MSG,644,1688316544,REQUEST,33,2
18,MSG,645,1688316544,REQUEST,34,2
18,MSG,646,1688316544,REQUEST,35,2
18,MSG,647,1688316544,REQUEST,36,2
18,CS_REQUESTED,648,1688316544,,,
25,MSG,649,1688316544,REQUEST,1,2
1,MSG,650,1688316544,REQUEST,2,2
28,MSG,651,1688316544,REQUEST,1,2
1,MSG,652,1688316544,REQUEST,3,2
25,MSG,653,1688316544,REQUEST,2,2
28,MSG,654,1688316544,REQUEST,2,2
1,MSG,655,1688316544,REQUEST,4,2
1,MSG,656,1688316544,REQUEST,5,2
25,MSG,657,1688316544,REQUEST,3,2
28,MSG,658,1688316544,REQUEST,3,2
25,MSG,659,1688316544,REQUEST,4,2
28,MSG,660,1688316544,REQUEST,4,2
1,MSG,661,1688316544,REQUEST,6,2
25,MSG,662,1688316544,REQUEST,5,2
28,MSG,663,1688316544,REQUEST,5,2
1,MSG,664,1688316544,REQUEST,7,2
25,MSG,665,1688316544,REQUEST,6,2
28,MSG,666,1688316544,REQUEST,6,2
1,MSG,667,1688316544,REQUEST,8,2
25,MSG,668,1688316544,REQUEST,7,2
28,MSG,669,1688316544,REQUEST,7,2
1,MSG,670,1688316544,REQUEST,9,2
25,MSG,671,1688316544,REQUEST,8,2
28,MSG,672,1688316544,REQUEST,8,2
1,MSG,673,1688316544,REQUEST,10,2
25,MSG,674,1688316544,REQUEST,9,2
28,MSG,675,1688316544,REQUEST,9,2
1,MSG,676,1688316544,REQUEST,11,2
1,MSG,677,1688316544,REQUEST,12,2
28,MSG,678,1688316544,REQUEST,10,2
25,MSG,679,1688316544,REQUEST,10,2
1,MSG,680,1688316544,REQUEST,13,2
28,MSG,681,1688316544,REQUEST,11,2
25,MSG,682,1688316544,REQUEST,11,2
1,MSG,683,1688316544,REQUEST,14,2
28,MSG,684,1688316544,REQUEST,12,2
1,MSG,685,1688316544,REQUEST,15,2
28,MSG,686,1688316544,REQUEST,13,2
1,MSG,687,1688316544,REQUEST,16,2
25,MSG,688,1688316544,REQUEST,12,2
28,MSG,689,1688316544,REQUEST,14,2
1,MSG,690,1688316544,REQUEST,17,2
25,MSG,691,1688316544,REQUEST,13,2
28,MSG,692,1688316544,REQUEST,15,2
1,MSG,693,1688316544,REQUEST,18,2
25,MSG,694,1688316544,REQUEST,14,2
28,MSG,695,1688316544,REQUEST,16,2
1,MSG,696,1688316544,REQUEST,19,2
25,MSG,697,1688316544,REQUEST,15,2
1,MSG,698,1688316544,REQUEST,20,2
25,MSG,699,1688316544,REQUEST,16,2
28,MSG,700,1688316544,REQUEST,17,2
1,MSG,701,1688316544,REQUEST,21,2
28,MSG,702,1688316544,REQUEST,18,2
1,MSG,703,1688316544,REQUEST,22,2
25,MSG,704,1688316544,REQUEST,17,2
28,MSG,705,1688316544,REQUEST,19,2
1,MSG,706,1688316544,REQUEST,23,2
25,MSG,707,1688316544,REQUEST,18,2
28,MSG,708,1688316544,REQUEST,20,2
1,MSG,709,1688316544,REQUEST,24,2
25,MSG,710,1688316544,REQUEST,19,2
28,MSG,711,1688316544,REQUEST,21,2
1,MSG,712,1688316544,REQUEST,25,2
25,MSG,713,1688316544,REQUEST,20,2
28,MSG,714,1688316544,REQUEST,22,2
1,MSG,715,1688316544,REQUEST,26,2
25,MSG,716,1688316544,REQUEST,21,2
28,MSG,717,1688316544,REQUEST,23,2
1,MSG,718,1688316544,REQUEST,27,2
25,MSG,719,1688316544,REQUEST,22,2
28,MSG,720,1688316544,REQUEST,24,2
1,MSG,721,1688316544,REQUEST,28,2
25,MSG,722,1688316544,REQUEST,23,2
28,MSG,723,1688316544,REQUEST,25,2
1,MSG,724,1688316544,REQUEST,29,2
25,MSG,725,1688316544,REQUEST,24,2
28,MSG,726,1688316544,REQUEST,26,2
25,MSG,727,1688316544,REQUEST,26,2
28,MSG,728,1688316544,REQUEST,27,2
25,MSG,729,1688316544,REQUEST,27,2
28,MSG,730,1688316544,REQUEST,29,2
25,MSG,731,1688316544,REQUEST,28,2
28,MSG,732,1688316544,REQUEST,30,2
1,MSG,733,1688316544,REQUEST,30,2
25,MSG,734,1688316544,REQUEST,29,2
28,MSG,735,1688316544,REQUEST,31,2
1,MSG,736,1688316544,REQUEST,31,2
25,MSG,737,1688316544,REQUEST,30,2
28,MSG,738,1688316544,REQUEST,32,2
1,MSG,739,1688316544,REQUEST,32,2
25,MSG,740,1688316544,REQUEST,31,2
28,MSG,741,1688316544,REQUEST,33,2
1,MSG,742,1688316544,REQUEST,33,2
25,MSG,743,1688316544,REQUEST,32,2
28,MSG,744,1688316544,REQUEST,34,2
1,MSG,745,1688316544,REQUEST,34,2
25,MSG,746,1688316544,REQUEST,33,2
28,MSG,747,1688316544,REQUEST,35,2
1,MSG,748,1688316544,REQUEST,35,2
25,MSG,749,1688316544,REQUEST,34,2
28,MSG,750,1688316544,REQUEST,36,2
28,CS_REQUESTED,751,1688316544,,,
25,MSG,752,1688316544,REQUEST,35,2
1,MSG,753,1688316544,REQUEST,36,2
1,CS_REQUESTED,754,1688316544,,,
25,MSG,755,1688316544,REQUEST,36,2
25,CS_REQUESTED,756,1688316544,,,
7,MSG,757,1688316544,REQUEST,1,2
7,MSG,758,1688316544,REQUEST,2,2
7,MSG,759,1688316544,REQUEST,3,2
7,MSG,760,1688316544,REQUEST,4,2
7,MSG,761,1688316544,REQUEST,5,2
7,MSG,762,1688316544,REQUEST,6,2
7,MSG,763,1688316544,REQUEST,8,2
7,MSG,764,1688316544,REQUEST,9,2
7,MSG,765,1688316544,REQUEST,10,2
7,MSG,766,1688316544,REQUEST,11,2
7,MSG,767,1688316544,REQUEST,12,2
7,MSG,768,1688316544,REQUEST,13,2
7,MSG,769,1688316544,REQUEST,14,2
7,MSG,770,1688316544,REQUEST,15,2
7,MSG,771,1688316544,REQUEST,16,2
7,MSG,772,1688316544,REQUEST,17,2
7,MSG,773,1688316544,REQUEST,18,2
7,MSG,774,1688316544,REQUEST,19,2
7,MSG,775,1688316544,REQUEST,20,2
7,MSG,776,1688316544,REQUEST,21,2
7,MSG,777,1688316544,REQUEST,22,2
7,MSG,778,1688316544,REQUEST,23,2
7,MSG,779,1688316544,REQUEST,24,2
7,MSG,780,1688316544,REQUEST,25,2
7,MSG,781,1688316544,REQUEST,26,2
7,MSG,782,1688316544,REQUEST,27,2
7,MSG,783,1688316544,REQUEST,28,2
7,MSG,784,1688316544,REQUEST,29,2
7,MSG,785,1688316544,REQUEST,30,2
7,MSG,786,1688316544,REQUEST,31,2
7,MSG,787,1688316544,REQUEST,32,2
7,MSG,788,1688316544,REQUEST,33,2
7,MSG,789,1688316544,REQUEST,34,2
7,MSG,790,1688316544,REQUEST,35,2
7,MSG,791,1688316544,REQUEST,36,2
7,CS_REQUESTED,792,1688316544,,,
32,MSG,793,1688316544,REQUEST,1,2
5,MSG,794,1688316544,REQUEST,1,2
32,MSG,795,1688316544,REQUEST,2,2
5,MSG,796,1688316544,REQUEST,2,2
32,MSG,797,1688316544,REQUEST,3,2
5,MSG,798,1688316544,REQUEST,3,2
32,MSG,799,1688316544,REQUEST,4,2
32,MSG,800,1688316544,REQUEST,5,2
32,MSG,801,1688316544,REQUEST,6,2
32,MSG,802,1688316544,REQUEST,7,2
32,MSG,803,1688316544,REQUEST,8,2
32,MSG,804,1688316544,REQUEST,9,2
32,MSG,805,1688316544,REQUEST,10,2
32,MSG,806,1688316544,REQUEST,11,2
32,MSG,807,1688316544,REQUEST,12,2
32,MSG,808,1688316544,REQUEST,13,2
32,MSG,809,1688316544,REQUEST,14,2
32,MSG,810,1688316544,REQUEST,15,2
32,MSG,811,1688316544,REQUEST,16,2
5,MSG,812,1688316544,REQUEST,4,2
5,MSG,813,1688316544,REQUEST,6,2
5,MSG,814,1688316544,REQUEST,7,2
5,MSG,815,1688316544,REQUEST,8,2
5,MSG,816,1688316544,REQUEST,9,2
5,MSG,817,1688316544,REQUEST,10,2
5,MSG,818,1688316544,REQUEST,11,2
5,MSG,819,1688316544,REQUEST,12,2
5,MSG,820,1688316544,REQUEST,13,2
5,MSG,821,1688316544,REQUEST,14,2
5,MSG,822,1688316544,REQUEST,15,2
5,MSG,823,1688316544,REQUEST,16,2
5,MSG,824,1688316544,REQUEST,17,2
32,MSG,825,1688316544,REQUEST,17,2
32,MSG,826,1688316544,REQUEST,18,2
32,MSG,827,1688316544,REQUEST,19,2
32,MSG,828,1688316544,REQUEST,20,2
32,MSG,829,1688316544,REQUEST,21,2
32,MSG,830,1688316544,REQUEST,22,2
32,MSG,831,1688316544,REQUEST,23,2
32,MSG,832,1688316544,REQUEST,24,2
32,MSG,833,1688316544,REQUEST,25,2
32,MSG,834,1688316544,REQUEST,26,2
32,MSG,835,1688316544,REQUEST,27,2
32,MSG,836,1688316544,REQUEST,28,2
32,MSG,837,1688316544,REQUEST,29,2
32,MSG,838,1688316544,REQUEST,30,2
32,MSG,839,1688316544,REQUEST,31,2
32,MSG,840,1688316544,REQUEST,33,2
32,MSG,841,1688316544,REQUEST,34,2
32,MSG,842,1688316544,REQUEST,35,2
32,MSG,843,1688316544,REQUEST,36,2
5,MSG,844,1688316544,REQUEST,18,2
5,MSG,845,1688316544,REQUEST,19,2
5,MSG,846,1688316544,REQUEST,20,2
5,MSG,847,1688316544,REQUEST,21,2
5,MSG,848,1688316544,REQUEST,22,2
5,MSG,849,1688316544,REQUEST,23,2
5,MSG,850,1688316544,REQUEST,24,2
5,MSG,851,1688316544,REQUEST,25,2
5,MSG,852,1688316544,REQUEST,26,2
5,MSG,853,1688316544,REQUEST,27,2
5,MSG,854,1688316544,REQUEST,28,2
5,MSG,855,1688316544,REQUEST,29,2
5,MSG,856,1688316544,REQUEST,30,2
5,MSG,857,1688316544,REQUEST,31,2
5,MSG,858,1688316544,REQUEST,32,2
5,MSG,859,1688316544,REQUEST,33,2
5,MSG,860,1688316544,REQUEST,34,2
5,MSG,861,1688316544,REQUEST,35,2
5,MSG,862,1688316544,REQUEST,36,2
5,CS_REQUESTED,863,1688316544,,,
32,CS_REQUESTED,864,1688316544,,,
26,MSG,865,1688316544,REQUEST,1,2
26,MSG,866,1688316544,REQUEST,2,2
26,MSG,867,1688316544,REQUEST,3,2
26,MSG,868,1688316544,REQUEST,4,2
26,MSG,869,1688316544,REQUEST,5,2
26,MSG,870,1688316544,REQUEST,6,2
26,MSG,871,1688316544,REQUEST,7,2
26,MSG,872,1688316544,REQUEST,8,2
26,MSG,873,1688316544,REQUEST,9,2
26,MSG,874,1688316544,REQUEST,10,2
26,MSG,875,1688316544,REQUEST,11,2
26,MSG,876,1688316544,REQUEST,12,2
26,MSG,877,1688316544,REQUEST,13,2
26,MSG,878,1688316544,REQUEST,14,2
26,MSG,879,1688316544,REQUEST,15,2
26,MSG,880,1688316544,REQUEST,16,2
26,MSG,881,1688316544,REQUEST,17,2
26,MSG,882,1688316544,REQUEST,18,2
26,MSG,883,1688316544,REQUEST,19,2
26,MSG,884,1688316544,REQUEST,20,2
26,MSG,885,1688316544,REQUEST,21,2
26,MSG,886,1688316544,REQUEST,22,2
26,MSG,887,1688316544,REQUEST,23,2
26,MSG,888,1688316544,REQUEST,24,2
26,MSG,889,1688316544,REQUEST,25,2
26,MSG,890,1688316544,REQUEST,27,2
26,MSG,891,1688316544,REQUEST,28,2
26,MSG,892,1688316544,REQUEST,29,2
26,MSG,893,1688316544,REQUEST,30,2
26,MSG,894,1688316544,REQUEST,31,2
26,MSG,895,1688316544,REQUEST,32,2
26,MSG,896,1688316544,REQUEST,33,2
26,MSG,897,1688316544,REQUEST,34,2
26,MSG,898,1688316544,REQUEST,35,2
26,MSG,899,1688316544,REQUEST,36,2
26,CS_REQUESTED,900,1688316544,,,
31,MSG,901,1688316544,REQUEST,1,2
31,MSG,902,1688316544,REQUEST,2,2
31,MSG,903,1688316544,REQUEST,3,2
31,MSG,904,1688316544,REQUEST,4,2
31,MSG,905,1688316544,REQUEST,5,2
31,MSG,906,1688316544,REQUEST,6,2
31,MSG,907,1688316544,REQUEST,7,2
31,MSG,908,1688316544,REQUEST,8,2
31,MSG,909,1688316544,REQUEST,9,2
31,MSG,910,1688316544,REQUEST,10,2
31,MSG,911,1688316544,REQUEST,11,2
31,MSG,912,1688316544,REQUEST,12,2
31,MSG,913,1688316544,REQUEST,13,2
31,MSG,914,1688316544,REQUEST,14,2
31,MSG,915,1688316544,REQUEST,15,2
31,MSG,916,1688316544,REQUEST,16,2
31,MSG,917,1688316544,REQUEST,17,2
31,MSG,918,1688316544,REQUEST,18,2
31,MSG,919,1688316544,REQUEST,19,2
31,MSG,920,1688316544,REQUEST,20,2
31,MSG,921,1688316544,REQUEST,21,2
31,MSG,922,1688316544,REQUEST,22,2
31,MSG,923,1688316544,REQUEST,23,2
31,MSG,924,1688316544,REQUEST,24,2
31,MSG,925,1688316544,REQUEST,25,2
31,MSG,926,1688316544,REQUEST,26,2
31,MSG,927,1688316544,REQUEST,27,2
31,MSG,928,1688316544,REQUEST,28,2
31,MSG,929,1688316544,REQUEST,29,2
31,MSG,930,1688316544,REQUEST,30,2
31,MSG,931,1688316544,REQUEST,32,2
31,MSG,932,1688316544,REQUEST,33,2
31,MSG,933,1688316544,REQUEST,34,2
31,MSG,934,1688316544,REQUEST,35,2
31,MSG,935,1688316544,REQUEST,36,2
31,CS_REQUESTED,936,1688316544,,,
35,MSG,937,1688316544,REQUEST,1,2
35,MSG,938,1688316544,REQUEST,2,2
35,MSG,939,1688316544,REQUEST,3,2
35,MSG,940,1688316544,REQUEST,4,2
35,MSG,941,1688316544,REQUEST,5,2
35,MSG,942,1688316544,REQUEST,6,2
35,MSG,943,1688316544,REQUEST,7,2
35,MSG,944,1688316544,REQUEST,8,2
35,MSG,945,1688316544,REQUEST,9,2
35,MSG,946,1688316544,REQUEST,10,2
35,MSG,947,1688316544,REQUEST,11,2
35,MSG,948,1688316544,REQUEST,12,2
35,MSG,949,1688316544,REQUEST,13,2
35,MSG,950,1688316544,REQUEST,14,2
35,MSG,951,1688316544,REQUEST,15,2
35,MSG,952,1688316544,REQUEST,16,2
35,MSG,953,1688316544,REQUEST,17,2
35,MSG,954,1688316544,REQUEST,18,2
35,MSG,955,1688316544,REQUEST,19,2
35,MSG,956,1688316544,REQUEST,20,2
35,MSG,957,1688316544,REQUEST,21,2
35,MSG,958,1688316544,REQUEST,22,2
35,MSG,959,1688316544,REQUEST,23,2
35,MSG,960,1688316544,REQUEST,24,2
35,MSG,961,1688316544,REQUEST,25,2
35,MSG,962,1688316544,REQUEST,26,2
35,MSG,963,1688316544,REQUEST,27,2
35,MSG,964,1688316544,REQUEST,28,2
35,MSG,965,1688316544,REQUEST,29,2
35,MSG,966,1688316544,REQUEST,30,2
35,MSG,967,1688316544,REQUEST,31,2
35,MSG,968,1688316544,REQUEST,32,2
35,MSG,969,1688316544,REQUEST,33,2
35,MSG,970,1688316544,REQUEST,34,2
35,MSG,971,1688316544,REQUEST,36,2
35,CS_REQUESTED,972,1688316544,,,
15,MSG,973,1688316544,REQUEST,1,2
15,MSG,974,1688316544,REQUEST,2,2
15,MSG,975,1688316544,REQUEST,3,2
15,MSG,976,1688316544,REQUEST,4,2
15,MSG,977,1688316544,REQUEST,5,2
15,MSG,978,1688316544,REQUEST,6,2
15,MSG,979,1688316544,REQUEST,7,2
15,MSG,980,1688316544,REQUEST,8,2
15,MSG,981,1688316544,REQUEST,9,2
15,MSG,982,1688316544,REQUEST,10,2
15,MSG,983,1688316544,REQUEST,11,2
15,MSG,984,1688316544,REQUEST,12,2
15,MSG,985,1688316544,REQUEST,13,2
15,MSG,986,1688316544,REQUEST,14,2
15,MSG,987,1688316544,REQUEST,16,2
15,MSG,988,1688316544,REQUEST,17,2
15,MSG,989,1688316544,REQUEST,18,2
15,MSG,990,1688316544,REQUEST,19,2
15,MSG,991,1688316544,REQUEST,20,2
15,MSG,992,1688316544,REQUEST,21,2
15,MSG,993,1688316544,REQUEST,22,2
15,MSG,994,1688316544,REQUEST,23,2
15,MSG,995,1688316544,REQUEST,24,2
15,MSG,996,1688316544,REQUEST,25,2
15,MSG,997,1688316544,REQUEST,26,2
15,MSG,998,1688316544,REQUEST,27,2
15,MSG,999,1688316544,REQUEST,28,2
15,MSG,1000,1688316544,REQUEST,29,2
15,MSG,1001,1688316544,REQUEST,30,2
15,MSG,1002,1688316544,REQUEST,31,2
15,MSG,1003,1688316544,REQUEST,32,2
15,MSG,1004,1688316544,REQUEST,33,2
15,MSG,1005,1688316544,REQUEST,34,2
15,MSG,1006,1688316544,REQUEST,35,2
15,MSG,1007,1688316544,REQUEST,36,2
15,CS_REQUESTED,1008,1688316544,,,
21,MSG,1009,1688316544,REQUEST,1,2
21,MSG,1010,1688316544,REQUEST,2,2
21,MSG,1011,1688316544,REQUEST,3,2
21,MSG,1012,1688316544,REQUEST,4,2
21,MSG,1013,1688316544,REQUEST,5,2
21,MSG,1014,1688316544,REQUEST,6,2
21,MSG,1015,1688316544,REQUEST,7,2
21,MSG,1016,1688316544,REQUEST,8,2
21,MSG,1017,1688316544,REQUEST,9,2
21,MSG,1018,1688316544,REQUEST,10,2
21,MSG,1019,1688316544,REQUEST,11,2
21,MSG,1020,1688316544,REQUEST,12,2
21,MSG,1021,1688316544,REQUEST,13,2
21,MSG,1022,1688316544,REQUEST,14,2
21,MSG,1023,1688316544,REQUEST,15,2
21,MSG,1024,1688316544,REQUEST,16,2
9,MSG,1025,1688316544,REQUEST,1,2
22,MSG,1026,1688316544,REQUEST,1,2
9,MSG,1027,1688316544,REQUEST,2,2
9,MSG,1028,1688316544,REQUEST,3,2
22,MSG,1029,1688316544,REQUEST,2,2
22,MSG,1030,1688316544,REQUEST,3,2
22,MSG,1031,1688316544,REQUEST,4,2
22,MSG,1032,1688316544,REQUEST,5,2
22,MSG,1033,1688316544,REQUEST,6,2
22,MSG,1034,1688316544,REQUEST,7,2
22,MSG,1035,1688316544,REQUEST,8,2
22,MSG,1036,1688316544,REQUEST,9,2
22,MSG,1037,1688316544,REQUEST,10,2
22,MSG,1038,1688316544,REQUEST,11,2
22,MSG,1039,1688316544,REQUEST,12,2
22,MSG,1040,1688316544,REQUEST,13,2
22,MSG,1041,1688316544,REQUEST,14,2
22,MSG,1042,1688316544,REQUEST,15,2
22,MSG,1043,1688316544,REQUEST,16,2
21,MSG,1044,1688316544,REQUEST,17,2
21,MSG,1045,1688316544,REQUEST,18,2
21,MSG,1046,1688316544,REQUEST,19,2
21,MSG,1047,1688316544,REQUEST,20,2
21,MSG,1048,1688316544,REQUEST,22,2
21,MSG,1049,1688316544,REQUEST,23,2
21,MSG,1050,1688316544,REQUEST,24,2
21,MSG,1051,1688316544,REQUEST,25,2
21,MSG,1052,1688316544,REQUEST,26,2
21,MSG,1053,1688316544,REQUEST,27,2
21,MSG,1054,1688316544,REQUEST,28,2
21,MSG,1055,1688316544,REQUEST,29,2
21,MSG,1056,1688316544,REQUEST,30,2
21,MSG,1057,1688316544,REQUEST,31,2
21,MSG,1058,1688316544,REQUEST,32,2
21,MSG,1059,1688316544,REQUEST,33,2
21,MSG,1060,1688316544,REQUEST,34,2
21,MSG,1061,1688316544,REQUEST,35,2
21,MSG,1062,1688316544,REQUEST,36,2
22,MSG,1063,1688316544,REQUEST,17,2
21,CS_REQUESTED,1064,1688316544,,,
22,MSG,1065,1688316544,REQUEST,18,2
22,MSG,1066,1688316544,REQUEST,19,2
22,MSG,1067,1688316544,REQUEST,20,2
22,MSG,1068,1688316544,REQUEST,21,2
22,MSG,1069,1688316544,REQUEST,23,2
22,MSG,1070,1688316544,REQUEST,24,2
22,MSG,1071,1688316544,REQUEST,25,2
22,MSG,1072,1688316544,REQUEST,26,2
22,MSG,1073,1688316544,REQUEST,27,2
22,MSG,1074,1688316544,REQUEST,28,2
22,MSG,1075,1688316544,REQUEST,29,2
22,MSG,1076,1688316544,REQUEST,30,2
22,MSG,1077,1688316544,REQUEST,31,2
22,MSG,1078,1688316544,REQUEST,32,2
22,MSG,1079,1688316544,REQUEST,33,2
22,MSG,1080,1688316544,REQUEST,34,2
22,MSG,1081,1688316544,REQUEST,35,2
22,MSG,1082,1688316544,REQUEST,36,2
22,CS_REQUESTED,1083,1688316544,,,
9,MSG,1084,1688316544,REQUEST,4,2
9,MSG,1085,1688316544,REQUEST,5,2
9,MSG,1086,1688316544,REQUEST,6,2
9,MSG,1087,1688316544,REQUEST,7,2
9,MSG,1088,1688316544,REQUEST,8,2
9,MSG,1089,1688316544,REQUEST,10,2
9,MSG,1090,1688316544,REQUEST,11,2
9,MSG,1091,1688316544,REQUEST,12,2
9,MSG,1092,1688316544,REQUEST,13,2
9,MSG,1093,1688316544,REQUEST,14,2
9,MSG,1094,1688316544,REQUEST,15,2
9,MSG,1095,1688316544,REQUEST,16,2
9,MSG,1096,1688316544,REQUEST,17,2
9,MSG,1097,1688316544,REQUEST,18,2
9,MSG,1098,1688316544,REQUEST,19,2
9,MSG,1099,1688316544,REQUEST,20,2
9,MSG,1100,1688316544,REQUEST,21,2
9,MSG,1101,1688316544,REQUEST,22,2
9,MSG,1102,1688316544,REQUEST,23,2
9,MSG,1103,1688316544,REQUEST,24,2
9,MSG,1104,1688316544,REQUEST,25,2
9,MSG,1105,1688316544,REQUEST,26,2
9,MSG,1106,1688316544,REQUEST,27,2
9,MSG,1107,1688316544,REQUEST,28,2
9,MSG,1108,1688316544,REQUEST,29,2
9,MSG,1109,1688316544,REQUEST,30,2
9,MSG,1110,1688316544,REQUEST,31,2
9,MSG,1111,1688316544,REQUEST,32,2
9,MSG,1112,1688316544,REQUEST,33,2
9,MSG,1113,1688316544,REQUEST,34,2
9,MSG,1114,1688316544,REQUEST,35,2
9,MSG,1115,1688316544,REQUEST,36,2
9,CS_REQUESTED,1116,1688316544,,,
4,MSG,1117,1688316544,REQUEST,1,2
4,MSG,1118,1688316544,REQUEST,2,2
4,MSG,1119,1688316544,REQUEST,3,2
4,MSG,1120,1688316544,REQUEST,5,2
4,MSG,1121,1688316544,REQUEST,6,2
4,MSG,1122,1688316544,REQUEST,7,2
4,MSG,1123,1688316544,REQUEST,8,2
4,MSG,1124,1688316544,REQUEST,9,2
4,MSG,1125,1688316544,REQUEST,10,2
4,MSG,1126,1688316544,REQUEST,11,2
4,MSG,1127,1688316544,REQUEST,12,2
4,MSG,1128,1688316544,REQUEST,13,2
4,MSG,1129,1688316544,REQUEST,14,2
4,MSG,1130,1688316544,REQUEST,15,2
4,MSG,1131,1688316544,REQUEST,16,2
4,MSG,1132,1688316544,REQUEST,17,2
4,MSG,1133,1688316544,REQUEST,18,2
4,MSG,1134,1688316544,REQUEST,19,2
4,MSG,1135,1688316544,REQUEST,20,2
4,MSG,1136,1688316544,REQUEST,21,2
4,MSG,1137,1688316544,REQUEST,22,2
4,MSG,1138,1688316544,REQUEST,23,2
4,MSG,1139,1688316544,REQUEST,24,2
4,MSG,1140,1688316544,REQUEST,25,2
4,MSG,1141,1688316544,REQUEST,26,2
4,MSG,1142,1688316544,REQUEST,27,2
4,MSG,1143,1688316544,REQUEST,28,2
4,MSG,1144,1688316544,REQUEST,29,2
4,MSG,1145,1688316544,REQUEST,30,2
4,MSG,1146,1688316544,REQUEST,31,2
4,MSG,1147,1688316544,REQUEST,32,2
4,MSG,1148,1688316544,REQUEST,33,2
4,MSG,1149,1688316544,REQUEST,34,2
4,MSG,1150,1688316544,REQUEST,35,2
4,MSG,1151,1688316544,REQUEST,36,2
4,CS_REQUESTED,1152,1688316544,,,
12,MSG,1153,1688316544,REQUEST,1,2
12,MSG,1154,1688316544,REQUEST,2,2
12,MSG,1155,1688316544,REQUEST,3,2
12,MSG,1156,1688316544,REQUEST,4,2
12,MSG,1157,1688316544,REQUEST,5,2
12,MSG,1158,1688316544,REQUEST,6,2
12,MSG,1159,1688316544,REQUEST,7,2
12,MSG,1160,1688316544,REQUEST,8,2
12,MSG,1161,1688316544,REQUEST,9,2
12,MSG,1162,1688316544,REQUEST,10,2
12,MSG,1163,1688316544,REQUEST,11,2
12,MSG,1164,1688316544,REQUEST,13,2
12,MSG,1165,1688316544,REQUEST,14,2
12,MSG,1166,1688316544,REQUEST,15,2
12,MSG,1167,1688316544,REQUEST,16,2
12,MSG,1168,1688316544,REQUEST,17,2
12,MSG,1169,1688316544,REQUEST,18,2
12,MSG,1170,1688316544,REQUEST,19,2
12,MSG,1171,1688316544,REQUEST,20,2
12,MSG,1172,1688316544,REQUEST,21,2
12,MSG,1173,1688316544,REQUEST,22,2
12,MSG,1174,1688316544,REQUEST,23,2
12,MSG,1175,1688316544,REQUEST,24,2
12,MSG,1176,1688316544,REQUEST,25,2
12,MSG,1177,1688316544,REQUEST,26,2
12,MSG,1178,1688316544,REQUEST,27,2
12,MSG,1179,1688316544,REQUEST,28,2
12,MSG,1180,1688316544,REQUEST,29,2
12,MSG,1181,1688316544,REQUEST,30,2
12,MSG,1182,1688316544,REQUEST,31,2
12,MSG,1183,1688316544,REQUEST,32,2
12,MSG,1184,1688316544,REQUEST,33,2
12,MSG,1185,1688316544,REQUEST,34,2
12,MSG,1186,1688316544,REQUEST,35,2
12,MSG,1187,1688316544,REQUEST,36,2
6,MSG,1188,1688316544,REQUEST,1,2
6,MSG,1189,1688316544,REQUEST,2,2
6,MSG,1190,1688316544,REQUEST,3,2
6,MSG,1191,1688316544,REQUEST,4,2
6,MSG,1192,1688316544,REQUEST,5,2
6,MSG,1193,1688316544,REQUEST,7,2
6,MSG,1194,1688316544,REQUEST,8,2
6,MSG,1195,1688316544,REQUEST,9,2
6,MSG,1196,1688316544,REQUEST,10,2
6,MSG,1197,1688316544,REQUEST,11,2
6,MSG,1198,1688316544,REQUEST,12,2
6,MSG,1199,1688316544,REQUEST,13,2
6,MSG,1200,1688316544,REQUEST,14,2
6,MSG,1201,1688316544,REQUEST,15,2
6,MSG,1202,1688316544,REQUEST,16,2
6,MSG,1203,1688316544,REQUEST,17,2
12,CS_REQUESTED,1204,1688316544,,,
6,MSG,1205,1688316544,REQUEST,18,2
6,MSG,1206,1688316544,REQUEST,19,2
6,MSG,1207,1688316544,REQUEST,20,2
6,MSG,1208,1688316544,REQUEST,21,2
6,MSG,1209,1688316544,REQUEST,22,2
6,MSG,1210,1688316544,REQUEST,23,2
6,MSG,1211,1688316544,REQUEST,24,2
6,MSG,1212,1688316544,REQUEST,25,2
6,MSG,1213,1688316544,REQUEST,26,2
6,MSG,1214,1688316544,REQUEST,27,2
6,MSG,1215,1688316544,REQUEST,28,2
6,MSG,1216,1688316544,REQUEST,29,2
6,MSG,1217,1688316544,REQUEST,30,2
6,MSG,1218,1688316544,REQUEST,31,2
6,MSG,1219,1688316544,REQUEST,32,2
6,MSG,1220,1688316544,REQUEST,33,2
6,MSG,1221,1688316544,REQUEST,34,2
6,MSG,1222,1688316544,REQUEST,35,2
6,MSG,1223,1688316544,REQUEST,36,2
6,CS_REQUESTED,1224,1688316544,,,
19,MSG,1225,1688316544,REQUEST,1,2
19,MSG,1226,1688316544,REQUEST,2,2
19,MSG,1227,1688316544,REQUEST,3,2
19,MSG,1228,1688316544,REQUEST,4,2
19,MSG,1229,1688316544,REQUEST,5,2
19,MSG,1230,1688316544,REQUEST,6,2
19,MSG,1231,1688316544,REQUEST,7,2
19,MSG,1232,1688316544,REQUEST,8,2
19,MSG,1233,1688316544,REQUEST,9,2
19,MSG,1234,1688316544,REQUEST,10,2
19,MSG,1235,1688316544,REQUEST,11,2
19,MSG,1236,1688316544,REQUEST,12,2
19,MSG,1237,1688316544,REQUEST,13,2
19,MSG,1238,1688316544,REQUEST,14,2
19,MSG,1239,1688316544,REQUEST,15,2
19,MSG,1240,1688316544,REQUEST,16,2
19,MSG,1241,1688316544,REQUEST,17,2
19,MSG,1242,1688316544,REQUEST,18,2
19,MSG,1243,1688316544,REQUEST,20,2
19,MSG,1244,1688316544,REQUEST,21,2
19,MSG,1245,1688316544,REQUEST,22,2
19,MSG,1246,1688316544,REQUEST,23,2
19,MSG,1247,1688316544,REQUEST,24,2
19,MSG,1248,1688316544,REQUEST,25,2
19,MSG,1249,1688316544,REQUEST,26,2
19,MSG,1250,1688316544,REQUEST,27,2
19,MSG,1251,1688316544,REQUEST,28,2
19,MSG,1252,1688316544,REQUEST,29,2
19,MSG,1253,1688316544,REQUEST,30,2
19,MSG,1254,1688316544,REQUEST,31,2
19,MSG,1255,1688316544,REQUEST,32,2
19,MSG,1256,1688316544,REQUEST,33,2
19,MSG,1257,1688316544,REQUEST,34,2
19,MSG,1258,1688316544,REQUEST,35,2
19,MSG,1259,1688316544,REQUEST,36,2
19,CS_REQUESTED,1260,1688316544,,,
13,MSG,1261,1688316544,REQUEST,1,2
30,MSG,1262,1688316544,ACK,27,0
13,MSG,1263,1688316544,REQUEST,2,2
13,MSG,1264,1688316544,REQUEST,3,2
13,MSG,1265,1688316544,REQUEST,4,2
13,MSG,1266,1688316544,REQUEST,5,2
13,MSG,1267,1688316544,REQUEST,6,2
13,MSG,1268,1688316544,REQUEST,7,2
13,MSG,1269,1688316544,REQUEST,8,2
13,MSG,1270,1688316544,REQUEST,9,2
13,MSG,1271,1688316544,REQUEST,10,2
13,MSG,1272,1688316544,REQUEST,11,2
13,MSG,1273,1688316544,REQUEST,12,2
13,MSG,1274,1688316544,REQUEST,14,2
13,MSG,1275,1688316544,REQUEST,15,2
13,MSG,1276,1688316544,REQUEST,16,2
13,MSG,1277,1688316544,REQUEST,17,2
13,MSG,1278,1688316544,REQUEST,18,2
13,MSG,1279,1688316544,REQUEST,19,2
13,MSG,1280,1688316544,REQUEST,20,2
13,MSG,1281,1688316544,REQUEST,21,2
13,MSG,1282,1688316544,REQUEST,22,2
13,MSG,1283,1688316544,REQUEST,23,2
13,MSG,1284,1688316544,REQUEST,24,2
13,MSG,1285,1688316544,REQUEST,25,2
13,MSG,1286,1688316544,REQUEST,26,2
13,MSG,1287,1688316544,REQUEST,27,2
13,MSG,1288,1688316544,REQUEST,28,2
13,MSG,1289,1688316544,REQUEST,29,2
13,MSG,1290,1688316544,REQUEST,30,2
13,MSG,1291,1688316544,REQUEST,31,2
13,MSG,1292,1688316544,REQUEST,32,2
13,MSG,1293,1688316544,REQUEST,33,2
13,MSG,1294,1688316544,REQUEST,34,2
13,MSG,1295,1688316544,REQUEST,35,2
13,MSG,1296,1688316544,REQUEST,36,2
13,CS_REQUESTED,1297,1688316544,,,
34,MSG,1298,1688316545,ACK,30,0
36,MSG,1299,1688316545,ACK,30,0
33,MSG,1300,1688316545,ACK,30,0
32,MSG,1301,1688316545,ACK,30,0
31,MSG,1302,1688316545,ACK,30,0
35,MSG,1303,1688316545,ACK,30,0
30,MSG,1304,1688316545,ACK,20,0
27,MSG,1305,1688316545,ACK,20,0
34,MSG,1306,1688316546,ACK,27,0
29,MSG,1307,1688316546,ACK,27,0
36,MSG,1308,1688316546,ACK,27,0
33,MSG,1309,1688316546,ACK,27,0
28,MSG,1310,1688316546,ACK,27,0
32,MSG,1311,1688316546,ACK,27,0
31,MSG,1312,1688316546,ACK,27,0
35,MSG,1313,1688316546,ACK,27,0
30,MSG,1314,1688316546,ACK,14,0
27,MSG,1315,1688316546,ACK,14,0
20,MSG,1316,1688316547,ACK,14,0
23,MSG,1317,1688316547,ACK,20,0
34,MSG,1318,1688316547,ACK,20,0
24,MSG,1319,1688316547,ACK,20,0
29,MSG,1320,1688316547,ACK,20,0
36,MSG,1321,1688316547,ACK,20,0
33,MSG,1322,1688316547,ACK,20,0
25,MSG,1323,1688316547,ACK,20,0
28,MSG,1324,1688316547,ACK,20,0
32,MSG,1325,1688316547,ACK,20,0
26,MSG,1326,1688316547,ACK,20,0
31,MSG,1327,1688316547,ACK,20,0
35,MSG,1328,1688316547,ACK,20,0
22,MSG,1329,1688316547,ACK,20,0
21,MSG,1330,1688316547,ACK,20,0
30,MSG,1331,1688316547,ACK,23,0
27,MSG,1332,1688316547,ACK,23,0
23,MSG,1333,1688316548,ACK,14,0
34,MSG,1334,1688316548,ACK,14,0
24,MSG,1335,1688316548,ACK,14,0
17,MSG,1336,1688316548,ACK,14,0
29,MSG,1337,1688316548,ACK,14,0
16,MSG,1338,1688316548,ACK,14,0
36,MSG,1339,1688316548,ACK,14,0
33,MSG,1340,1688316548,ACK,14,0
18,MSG,1341,1688316548,ACK,14,0
25,MSG,1342,1688316548,ACK,14,0
28,MSG,1343,1688316548,ACK,14,0
32,MSG,1344,1688316548,ACK,14,0
26,MSG,1345,1688316548,ACK,14,0
31,MSG,1346,1688316548,ACK,14,0
35,MSG,1347,1688316548,ACK,14,0
15,MSG,1348,1688316548,ACK,14,0
21,MSG,1349,1688316548,ACK,14,0
22,MSG,1350,1688316548,ACK,14,0
19,MSG,1351,1688316548,ACK,14,0
30,MSG,1352,1688316548,ACK,11,0
27,MSG,1353,1688316548,ACK,11,0
20,MSG,1354,1688316549,ACK,11,0
14,MSG,1355,1688316549,ACK,11,0
23,MSG,1356,1688316549,ACK,11,0
34,MSG,1357,1688316549,ACK,23,0
24,MSG,1358,1688316549,ACK,23,0
29,MSG,1359,1688316549,ACK,23,0
36,MSG,1360,1688316549,ACK,23,0
33,MSG,1361,1688316549,ACK,23,0
28,MSG,1362,1688316549,ACK,23,0
25,MSG,1363,1688316549,ACK,23,0
32,MSG,1364,1688316549,ACK,23,0
26,MSG,1365,1688316549,ACK,23,0
31,MSG,1366,1688316549,ACK,23,0
35,MSG,1367,1688316549,ACK,23,0
34,MSG,1368,1688316550,ACK,11,0
24,MSG,1369,1688316550,ACK,11,0
17,MSG,1370,1688316550,ACK,11,0
29,MSG,1371,1688316550,ACK,11,0
16,MSG,1372,1688316550,ACK,11,0
36,MSG,1373,1688316550,ACK,11,0
33,MSG,1374,1688316550,ACK,11,0
18,MSG,1375,1688316550,ACK,11,0
25,MSG,1376,1688316550,ACK,11,0
28,MSG,1377,1688316550,ACK,11,0
32,MSG,1378,1688316550,ACK,11,0
26,MSG,1379,1688316550,ACK,11,0
31,MSG,1380,1688316550,ACK,11,0
35,MSG,1381,1688316550,ACK,11,0
15,MSG,1382,1688316550,ACK,11,0
21,MSG,1383,1688316550,ACK,11,0
22,MSG,1384,1688316550,ACK,11,0
12,MSG,1385,1688316550,ACK,11,0
19,MSG,1386,1688316550,ACK,11,0
13,MSG,1387,1688316550,ACK,11,0
30,MSG,1388,1688316550,ACK,8,0
27,MSG,1389,1688316550,ACK,8,0
20,MSG,1390,1688316551,ACK,8,0
14,MSG,1391,1688316551,ACK,8,0
23,MSG,1392,1688316551,ACK,8,0
11,MSG,1393,1688316551,ACK,8,0
34,MSG,1394,1688316551,ACK,8,0
36,MSG,1395,1688316551,ACK,34,0
35,MSG,1396,1688316551,ACK,34,0
30,MSG,1397,1688316551,ACK,3,0
27,MSG,1398,1688316551,ACK,3,0
20,MSG,1399,1688316552,ACK,3,0
14,MSG,1400,1688316552,ACK,3,0
23,MSG,1401,1688316552,ACK,3,0
11,MSG,1402,1688316552,ACK,3,0
34,MSG,1403,1688316552,ACK,3,0
8,MSG,1404,1688316552,ACK,3,0
10,MSG,1405,1688316552,ACK,8,0
24,MSG,1406,1688316552,ACK,8,0
17,MSG,1407,1688316552,ACK,8,0
29,MSG,1408,1688316552,ACK,8,0
16,MSG,1409,1688316552,ACK,8,0
36,MSG,1410,1688316552,ACK,8,0
33,MSG,1411,1688316552,ACK,8,0
18,MSG,1412,1688316552,ACK,8,0
25,MSG,1413,1688316552,ACK,8,0
28,MSG,1414,1688316552,ACK,8,0
32,MSG,1415,1688316552,ACK,8,0
26,MSG,1416,1688316552,ACK,8,0
31,MSG,1417,1688316552,ACK,8,0
35,MSG,1418,1688316552,ACK,8,0
15,MSG,1419,1688316552,ACK,8,0
9,MSG,1420,1688316552,ACK,8,0
22,MSG,1421,1688316552,ACK,8,0
21,MSG,1422,1688316552,ACK,8,0
12,MSG,1423,1688316552,ACK,8,0
19,MSG,1424,1688316552,ACK,8,0
13,MSG,1425,1688316552,ACK,8,0
30,MSG,1426,1688316552,ACK,10,0
27,MSG,1427,1688316552,ACK,10,0
20,MSG,1428,1688316553,ACK,10,0
14,MSG,1429,1688316553,ACK,10,0
23,MSG,1430,1688316553,ACK,10,0
11,MSG,1431,1688316553,ACK,10,0
34,MSG,1432,1688316553,ACK,10,0
10,MSG,1433,1688316553,ACK,3,0
24,MSG,1434,1688316553,ACK,3,0
17,MSG,1435,1688316553,ACK,3,0
29,MSG,1436,1688316553,ACK,3,0
16,MSG,1437,1688316553,ACK,3,0
36,MSG,1438,1688316553,ACK,3,0
33,MSG,1439,1688316553,ACK,3,0
18,MSG,1440,1688316553,ACK,3,0
25,MSG,1441,1688316553,ACK,3,0
28,MSG,1442,1688316553,ACK,3,0
7,MSG,1443,1688316553,ACK,3,0
32,MSG,1444,1688316553,ACK,3,0
5,MSG,1445,1688316553,ACK,3,0
26,MSG,1446,1688316553,ACK,3,0
31,MSG,1447,1688316553,ACK,3,0
35,MSG,1448,1688316553,ACK,3,0
15,MSG,1449,1688316553,ACK,3,0
21,MSG,1450,1688316553,ACK,3,0
9,MSG,1451,1688316553,ACK,3,0
22,MSG,1452,1688316553,ACK,3,0
4,MSG,1453,1688316553,ACK,3,0
12,MSG,1454,1688316553,ACK,3,0
19,MSG,1455,1688316553,ACK,3,0
6,MSG,1456,1688316553,ACK,3,0
13,MSG,1457,1688316553,ACK,3,0
30,MSG,1458,1688316553,ACK,24,0
27,MSG,1459,1688316553,ACK,24,0
34,MSG,1460,1688316554,ACK,24,0
24,MSG,1461,1688316554,ACK,10,0
17,MSG,1462,1688316554,ACK,10,0
29,MSG,1463,1688316554,ACK,10,0
16,MSG,1464,1688316554,ACK,10,0
36,MSG,1465,1688316554,ACK,10,0
33,MSG,1466,1688316554,ACK,10,0
18,MSG,1467,1688316554,ACK,10,0
25,MSG,1468,1688316554,ACK,10,0
28,MSG,1469,1688316554,ACK,10,0
32,MSG,1470,1688316554,ACK,10,0
26,MSG,1471,1688316554,ACK,10,0
31,MSG,1472,1688316554,ACK,10,0
35,MSG,1473,1688316554,ACK,10,0
15,MSG,1474,1688316554,ACK,10,0
21,MSG,1475,1688316554,ACK,10,0
22,MSG,1476,1688316554,ACK,10,0
12,MSG,1477,1688316554,ACK,10,0
19,MSG,1478,1688316554,ACK,10,0
13,MSG,1479,1688316554,ACK,10,0
30,MSG,1480,1688316554,ACK,2,0
27,MSG,1481,1688316554,ACK,2,0
20,MSG,1482,1688316555,ACK,2,0
14,MSG,1483,1688316555,ACK,2,0
23,MSG,1484,1688316555,ACK,2,0
11,MSG,1485,1688316555,ACK,2,0
34,MSG,1486,1688316555,ACK,2,0
8,MSG,1487,1688316555,ACK,2,0
3,MSG,1488,1688316555,ACK,2,0
10,MSG,1489,1688316555,ACK,2,0
24,MSG,1490,1688316555,ACK,2,0
29,MSG,1491,1688316555,ACK,24,0
36,MSG,1492,1688316555,ACK,24,0
33,MSG,1493,1688316555,ACK,24,0
25,MSG,1494,1688316555,ACK,24,0
28,MSG,1495,1688316555,ACK,24,0
32,MSG,1496,1688316555,ACK,24,0
26,MSG,1497,1688316555,ACK,24,0
31,MSG,1498,1688316555,ACK,24,0
35,MSG,1499,1688316555,ACK,24,0
30,MSG,1500,1688316555,ACK,17,0
27,MSG,1501,1688316555,ACK,17,0
20,MSG,1502,1688316556,ACK,17,0
23,MSG,1503,1688316556,ACK,17,0
34,MSG,1504,1688316556,ACK,17,0
24,MSG,1505,1688316556,ACK,17,0
17,MSG,1506,1688316556,ACK,2,0
29,MSG,1507,1688316556,ACK,2,0
16,MSG,1508,1688316556,ACK,2,0
36,MSG,1509,1688316556,ACK,2,0
33,MSG,1510,1688316556,ACK,2,0
18,MSG,1511,1688316556,ACK,2,0
25,MSG,1512,1688316556,ACK,2,0
28,MSG,1513,1688316556,ACK,2,0
7,MSG,1514,1688316556,ACK,2,0
32,MSG,1515,1688316556,ACK,2,0
5,MSG,1516,1688316556,ACK,2,0
26,MSG,1517,1688316556,ACK,2,0
31,MSG,1518,1688316556,ACK,2,0
35,MSG,1519,1688316556,ACK,2,0
15,MSG,1520,1688316556,ACK,2,0
21,MSG,1521,1688316556,ACK,2,0
9,MSG,1522,1688316556,ACK,2,0
22,MSG,1523,1688316556,ACK,2,0
4,MSG,1524,1688316556,ACK,2,0
12,MSG,1525,1688316556,ACK,2,0
6,MSG,1526,1688316556,ACK,2,0
19,MSG,1527,1688316556,ACK,2,0
13,MSG,1528,1688316556,ACK,2,0
30,MSG,1529,1688316556,ACK,29,0
34,MSG,1530,1688316557,ACK,29,0
29,MSG,1531,1688316557,ACK,17,0
36,MSG,1532,1688316557,ACK,17,0
33,MSG,1533,1688316557,ACK,17,0
18,MSG,1534,1688316557,ACK,17,0
25,MSG,1535,1688316557,ACK,17,0
28,MSG,1536,1688316557,ACK,17,0
32,MSG,1537,1688316557,ACK,17,0
26,MSG,1538,1688316557,ACK,17,0
31,MSG,1539,1688316557,ACK,17,0
35,MSG,1540,1688316557,ACK,17,0
21,MSG,1541,1688316557,ACK,17,0
22,MSG,1542,1688316557,ACK,17,0
19,MSG,1543,1688316557,ACK,17,0
30,MSG,1544,1688316557,ACK,16,0
27,MSG,1545,1688316557,ACK,16,0
20,MSG,1546,1688316558,ACK,16,0
23,MSG,1547,1688316558,ACK,16,0
34,MSG,1548,1688316558,ACK,16,0
24,MSG,1549,1688316558,ACK,16,0
17,MSG,1550,1688316558,ACK,16,0
29,MSG,1551,1688316558,ACK,16,0
36,MSG,1552,1688316558,ACK,29,0
33,MSG,1553,1688316558,ACK,29,0
32,MSG,1554,1688316558,ACK,29,0
31,MSG,1555,1688316558,ACK,29,0
35,MSG,1556,1688316558,ACK,29,0
36,MSG,1557,1688316559,ACK,16,0
33,MSG,1558,1688316559,ACK,16,0
18,MSG,1559,1688316559,ACK,16,0
28,MSG,1560,1688316559,ACK,16,0
25,MSG,1561,1688316559,ACK,16,0
32,MSG,1562,1688316559,ACK,16,0
26,MSG,1563,1688316559,ACK,16,0
31,MSG,1564,1688316559,ACK,16,0
35,MSG,1565,1688316559,ACK,16,0
21,MSG,1566,1688316559,ACK,16,0
22,MSG,1567,1688316559,ACK,16,0
19,MSG,1568,1688316559,ACK,16,0
34,MSG,1569,1688316560,ACK,33,0
36,MSG,1570,1688316560,ACK,33,0
30,MSG,1571,1688316560,ACK,18,0
27,MSG,1572,1688316560,ACK,18,0
20,MSG,1573,1688316561,ACK,18,0
23,MSG,1574,1688316561,ACK,18,0
34,MSG,1575,1688316561,ACK,18,0
24,MSG,1576,1688316561,ACK,18,0
29,MSG,1577,1688316561,ACK,18,0
36,MSG,1578,1688316561,ACK,18,0
33,MSG,1579,1688316561,ACK,18,0
35,MSG,1580,1688316561,ACK,33,0
30,MSG,1581,1688316561,ACK,28,0
27,MSG,1582,1688316561,ACK,1,0
20,MSG,1583,1688316562,ACK,1,0
14,MSG,1584,1688316562,ACK,1,0
23,MSG,1585,1688316562,ACK,1,0
11,MSG,1586,1688316562,ACK,1,0
34,MSG,1587,1688316562,ACK,28,0
8,MSG,1588,1688316562,ACK,1,0
3,MSG,1589,1688316562,ACK,1,0
10,MSG,1590,1688316562,ACK,1,0
24,MSG,1591,1688316562,ACK,1,0
2,MSG,1592,1688316562,ACK,1,0
17,MSG,1593,1688316562,ACK,1,0
29,MSG,1594,1688316562,ACK,1,0
16,MSG,1595,1688316562,ACK,1,0
36,MSG,1596,1688316562,ACK,28,0
33,MSG,1597,1688316562,ACK,28,0
18,MSG,1598,1688316562,ACK,1,0
25,MSG,1599,1688316562,ACK,18,0
28,MSG,1600,1688316562,ACK,18,0
32,MSG,1601,1688316562,ACK,18,0
26,MSG,1602,1688316562,ACK,18,0
31,MSG,1603,1688316562,ACK,18,0
35,MSG,1604,1688316562,ACK,18,0
22,MSG,1605,1688316562,ACK,18,0
21,MSG,1606,1688316562,ACK,18,0
19,MSG,1607,1688316562,ACK,18,0
30,MSG,1608,1688316562,ACK,1,0
34,MSG,1609,1688316563,ACK,1,0
29,MSG,1610,1688316563,ACK,28,0
36,MSG,1611,1688316563,ACK,1,0
33,MSG,1612,1688316563,ACK,1,0
28,MSG,1613,1688316563,ACK,1,0
25,MSG,1614,1688316563,ACK,1,0
7,MSG,1615,1688316563,ACK,1,0
32,MSG,1616,1688316563,ACK,28,0
5,MSG,1617,1688316563,ACK,1,0
26,MSG,1618,1688316563,ACK,1,0
31,MSG,1619,1688316563,ACK,28,0
35,MSG,1620,1688316563,ACK,28,0
15,MSG,1621,1688316563,ACK,1,0
22,MSG,1622,1688316563,ACK,1,0
21,MSG,1623,1688316563,ACK,1,0
9,MSG,1624,1688316563,ACK,1,0
4,MSG,1625,1688316563,ACK,1,0
12,MSG,1626,1688316563,ACK,1,0
6,MSG,1627,1688316563,ACK,1,0
19,MSG,1628,1688316563,ACK,1,0
13,MSG,1629,1688316563,ACK,1,0
30,MSG,1630,1688316563,ACK,25,0
27,MSG,1631,1688316563,ACK,25,0
34,MSG,1632,1688316564,ACK,25,0
29,MSG,1633,1688316564,ACK,25,0
36,MSG,1634,1688316564,ACK,25,0
33,MSG,1635,1688316564,ACK,25,0
28,MSG,1636,1688316564,ACK,25,0
32,MSG,1637,1688316564,ACK,1,0
31,MSG,1638,1688316564,ACK,1,0
35,MSG,1639,1688316564,ACK,1,0
30,MSG,1640,1688316564,ACK,7,0
27,MSG,1641,1688316564,ACK,7,0
20,MSG,1642,1688316565,ACK,7,0
14,MSG,1643,1688316565,ACK,7,0
23,MSG,1644,1688316565,ACK,7,0
11,MSG,1645,1688316565,ACK,7,0
34,MSG,1646,1688316565,ACK,7,0
8,MSG,1647,1688316565,ACK,7,0
10,MSG,1648,1688316565,ACK,7,0
24,MSG,1649,1688316565,ACK,7,0
17,MSG,1650,1688316565,ACK,7,0
29,MSG,1651,1688316565,ACK,7,0
16,MSG,1652,1688316565,ACK,7,0
36,MSG,1653,1688316565,ACK,7,0
33,MSG,1654,1688316565,ACK,7,0
18,MSG,1655,1688316565,ACK,7,0
25,MSG,1656,1688316565,ACK,7,0
28,MSG,1657,1688316565,ACK,7,0
32,MSG,1658,1688316565,ACK,25,0
26,MSG,1659,1688316565,ACK,25,0
31,MSG,1660,1688316565,ACK,25,0
35,MSG,1661,1688316565,ACK,25,0
34,MSG,1662,1688316566,ACK,32,0
17,MSG,1663,1688316566,ACK,5,0
36,MSG,1664,1688316566,ACK,32,0
33,MSG,1665,1688316566,ACK,32,0
32,MSG,1666,1688316566,ACK,7,0
26,MSG,1667,1688316566,ACK,7,0
31,MSG,1668,1688316566,ACK,7,0
35,MSG,1669,1688316566,ACK,7,0
15,MSG,1670,1688316566,ACK,7,0
22,MSG,1671,1688316566,ACK,7,0
21,MSG,1672,1688316566,ACK,7,0
9,MSG,1673,1688316566,ACK,7,0
12,MSG,1674,1688316566,ACK,7,0
19,MSG,1675,1688316566,ACK,7,0
13,MSG,1676,1688316566,ACK,7,0
30,MSG,1677,1688316566,ACK,5,0
27,MSG,1678,1688316566,ACK,5,0
20,MSG,1679,1688316567,ACK,5,0
14,MSG,1680,1688316567,ACK,5,0
23,MSG,1681,1688316567,ACK,5,0
11,MSG,1682,1688316567,ACK,5,0
34,MSG,1683,1688316567,ACK,5,0
8,MSG,1684,1688316567,ACK,5,0
10,MSG,1685,1688316567,ACK,5,0
24,MSG,1686,1688316567,ACK,5,0
29,MSG,1687,1688316567,ACK,5,0
16,MSG,1688,1688316567,ACK,5,0
36,MSG,1689,1688316567,ACK,5,0
33,MSG,1690,1688316567,ACK,5,0
18,MSG,1691,1688316567,ACK,5,0
25,MSG,1692,1688316567,ACK,5,0
28,MSG,1693,1688316567,ACK,5,0
7,MSG,1694,1688316567,ACK,5,0
32,MSG,1695,1688316567,ACK,5,0
35,MSG,1696,1688316567,ACK,32,0
30,MSG,1697,1688316567,ACK,26,0
27,MSG,1698,1688316567,ACK,26,0
34,MSG,1699,1688316568,ACK,26,0
29,MSG,1700,1688316568,ACK,26,0
36,MSG,1701,1688316568,ACK,26,0
33,MSG,1702,1688316568,ACK,26,0
28,MSG,1703,1688316568,ACK,26,0
32,MSG,1704,1688316568,ACK,26,0
26,MSG,1705,1688316568,ACK,5,0
31,MSG,1706,1688316568,ACK,5,0
35,MSG,1707,1688316568,ACK,5,0
15,MSG,1708,1688316568,ACK,5,0
9,MSG,1709,1688316568,ACK,5,0
21,MSG,1710,1688316568,ACK,5,0
22,MSG,1711,1688316568,ACK,5,0
12,MSG,1712,1688316568,ACK,5,0
6,MSG,1713,1688316568,ACK,5,0
19,MSG,1714,1688316568,ACK,5,0
13,MSG,1715,1688316568,ACK,5,0
34,MSG,1716,1688316569,ACK,31,0
36,MSG,1717,1688316569,ACK,31,0
33,MSG,1718,1688316569,ACK,31,0
32,MSG,1719,1688316569,ACK,31,0
31,MSG,1720,1688316569,ACK,26,0
35,MSG,1721,1688316569,ACK,26,0
36,MSG,1722,1688316570,ACK,35,0
35,MSG,1723,1688316570,ACK,31,0
30,MSG,1724,1688316570,ACK,15,0
27,MSG,1725,1688316570,ACK,15,0
20,MSG,1726,1688316571,ACK,15,0
23,MSG,1727,1688316571,ACK,15,0
34,MSG,1728,1688316571,ACK,15,0
24,MSG,1729,1688316571,ACK,15,0
17,MSG,1730,1688316571,ACK,15,0
29,MSG,1731,1688316571,ACK,15,0
16,MSG,1732,1688316571,ACK,15,0
36,MSG,1733,1688316571,ACK,15,0
18,MSG,1734,1688316571,ACK,15,0
33,MSG,1735,1688316571,ACK,15,0
25,MSG,1736,1688316571,ACK,15,0
28,MSG,1737,1688316571,ACK,15,0
32,MSG,1738,1688316571,ACK,15,0
26,MSG,1739,1688316571,ACK,15,0
31,MSG,1740,1688316571,ACK,15,0
35,MSG,1741,1688316571,ACK,15,0
30,MSG,1742,1688316571,ACK,21,0
27,MSG,1743,1688316571,ACK,21,0
23,MSG,1744,1688316572,ACK,21,0
34,MSG,1745,1688316572,ACK,21,0
24,MSG,1746,1688316572,ACK,21,0
29,MSG,1747,1688316572,ACK,21,0
36,MSG,1748,1688316572,ACK,21,0
33,MSG,1749,1688316572,ACK,21,0
25,MSG,1750,1688316572,ACK,21,0
28,MSG,1751,1688316572,ACK,21,0
32,MSG,1752,1688316572,ACK,21,0
26,MSG,1753,1688316572,ACK,21,0
31,MSG,1754,1688316572,ACK,21,0
35,MSG,1755,1688316572,ACK,21,0
21,MSG,1756,1688316572,ACK,15,0
22,MSG,1757,1688316572,ACK,15,0
19,MSG,1758,1688316572,ACK,15,0
30,MSG,1759,1688316572,ACK,22,0
27,MSG,1760,1688316572,ACK,22,0
23,MSG,1761,1688316573,ACK,22,0
34,MSG,1762,1688316573,ACK,22,0
24,MSG,1763,1688316573,ACK,22,0
29,MSG,1764,1688316573,ACK,22,0
36,MSG,1765,1688316573,ACK,22,0
33,MSG,1766,1688316573,ACK,22,0
28,MSG,1767,1688316573,ACK,22,0
25,MSG,1768,1688316573,ACK,22,0
32,MSG,1769,1688316573,ACK,22,0
26,MSG,1770,1688316573,ACK,22,0
31,MSG,1771,1688316573,ACK,22,0
35,MSG,1772,1688316573,ACK,22,0
22,MSG,1773,1688316573,ACK,21,0
30,MSG,1774,1688316573,ACK,9,0
27,MSG,1775,1688316573,ACK,9,0
20,MSG,1776,1688316574,ACK,9,0
14,MSG,1777,1688316574,ACK,9,0
23,MSG,1778,1688316574,ACK,9,0
11,MSG,1779,1688316574,ACK,9,0
34,MSG,1780,1688316574,ACK,9,0
10,MSG,1781,1688316574,ACK,9,0
24,MSG,1782,1688316574,ACK,9,0
17,MSG,1783,1688316574,ACK,9,0
29,MSG,1784,1688316574,ACK,9,0
16,MSG,1785,1688316574,ACK,9,0
36,MSG,1786,1688316574,ACK,9,0
33,MSG,1787,1688316574,ACK,9,0
18,MSG,1788,1688316574,ACK,9,0
28,MSG,1789,1688316574,ACK,9,0
25,MSG,1790,1688316574,ACK,9,0
32,MSG,1791,1688316574,ACK,9,0
26,MSG,1792,1688316574,ACK,9,0
31,MSG,1793,1688316574,ACK,9,0
35,MSG,1794,1688316574,ACK,9,0
15,MSG,1795,1688316574,ACK,9,0
21,MSG,1796,1688316574,ACK,9,0
22,MSG,1797,1688316574,ACK,9,0
30,MSG,1798,1688316574,ACK,4,0
27,MSG,1799,1688316574,ACK,4,0
20,MSG,1800,1688316575,ACK,4,0
14,MSG,1801,1688316575,ACK,4,0
23,MSG,1802,1688316575,ACK,4,0
11,MSG,1803,1688316575,ACK,4,0
34,MSG,1804,1688316575,ACK,4,0
8,MSG,1805,1688316575,ACK,4,0
10,MSG,1806,1688316575,ACK,4,0
24,MSG,1807,1688316575,ACK,4,0
17,MSG,1808,1688316575,ACK,4,0
29,MSG,1809,1688316575,ACK,4,0
16,MSG,1810,1688316575,ACK,4,0
36,MSG,1811,1688316575,ACK,4,0
18,MSG,1812,1688316575,ACK,4,0
33,MSG,1813,1688316575,ACK,4,0
25,MSG,1814,1688316575,ACK,4,0
28,MSG,1815,1688316575,ACK,4,0
7,MSG,1816,1688316575,ACK,4,0
32,MSG,1817,1688316575,ACK,4,0
5,MSG,1818,1688316575,ACK,4,0
26,MSG,1819,1688316575,ACK,4,0
31,MSG,1820,1688316575,ACK,4,0
35,MSG,1821,1688316575,ACK,4,0
15,MSG,1822,1688316575,ACK,4,0
9,MSG,1823,1688316575,ACK,4,0
21,MSG,1824,1688316575,ACK,4,0
22,MSG,1825,1688316575,ACK,4,0
12,MSG,1826,1688316575,ACK,9,0
19,MSG,1827,1688316575,ACK,9,0
13,MSG,1828,1688316575,ACK,9,0
30,MSG,1829,1688316575,ACK,12,0
27,MSG,1830,1688316575,ACK,12,0
20,MSG,1831,1688316576,ACK,12,0
14,MSG,1832,1688316576,ACK,12,0
23,MSG,1833,1688316576,ACK,12,0
34,MSG,1834,1688316576,ACK,12,0
24,MSG,1835,1688316576,ACK,12,0
17,MSG,1836,1688316576,ACK,12,0
29,MSG,1837,1688316576,ACK,12,0
16,MSG,1838,1688316576,ACK,12,0
36,MSG,1839,1688316576,ACK,12,0
33,MSG,1840,1688316576,ACK,12,0
18,MSG,1841,1688316576,ACK,12,0
25,MSG,1842,1688316576,ACK,12,0
28,MSG,1843,1688316576,ACK,12,0
32,MSG,1844,1688316576,ACK,12,0
26,MSG,1845,1688316576,ACK,12,0
31,MSG,1846,1688316576,ACK,12,0
35,MSG,1847,1688316576,ACK,12,0
15,MSG,1848,1688316576,ACK,12,0
21,MSG,1849,1688316576,ACK,12,0
22,MSG,1850,1688316576,ACK,12,0
12,MSG,1851,1688316576,ACK,4,0
6,MSG,1852,1688316576,ACK,4,0
19,MSG,1853,1688316576,ACK,4,0
13,MSG,1854,1688316576,ACK,4,0
30,MSG,1855,1688316576,ACK,6,0
27,MSG,1856,1688316576,ACK,6,0
20,MSG,1857,1688316577,ACK,6,0
14,MSG,1858,1688316577,ACK,6,0
23,MSG,1859,1688316577,ACK,6,0
11,MSG,1860,1688316577,ACK,6,0
34,MSG,1861,1688316577,ACK,6,0
8,MSG,1862,1688316577,ACK,6,0
10,MSG,1863,1688316577,ACK,6,0
24,MSG,1864,1688316577,ACK,6,0
17,MSG,1865,1688316577,ACK,6,0
29,MSG,1866,1688316577,ACK,6,0
16,MSG,1867,1688316577,ACK,6,0
36,MSG,1868,1688316577,ACK,6,0
33,MSG,1869,1688316577,ACK,6,0
18,MSG,1870,1688316577,ACK,6,0
25,MSG,1871,1688316577,ACK,6,0
28,MSG,1872,1688316577,ACK,6,0
7,MSG,1873,1688316577,ACK,6,0
32,MSG,1874,1688316577,ACK,6,0
26,MSG,1875,1688316577,ACK,6,0
31,MSG,1876,1688316577,ACK,6,0
35,MSG,1877,1688316577,ACK,6,0
15,MSG,1878,1688316577,ACK,6,0
22,MSG,1879,1688316577,ACK,6,0
21,MSG,1880,1688316577,ACK,6,0
9,MSG,1881,1688316577,ACK,6,0
12,MSG,1882,1688316577,ACK,6,0
19,MSG,1883,1688316577,ACK,12,0
13,MSG,1884,1688316577,ACK,12,0
30,MSG,1885,1688316577,ACK,19,0
27,MSG,1886,1688316577,ACK,19,0
20,MSG,1887,1688316578,ACK,19,0
23,MSG,1888,1688316578,ACK,19,0
34,MSG,1889,1688316578,ACK,19,0
24,MSG,1890,1688316578,ACK,19,0
29,MSG,1891,1688316578,ACK,19,0
36,MSG,1892,1688316578,ACK,19,0
33,MSG,1893,1688316578,ACK,19,0
25,MSG,1894,1688316578,ACK,19,0
28,MSG,1895,1688316578,ACK,19,0
32,MSG,1896,1688316578,ACK,19,0
26,MSG,1897,1688316578,ACK,19,0
31,MSG,1898,1688316578,ACK,19,0
35,MSG,1899,1688316578,ACK,19,0
22,MSG,1900,1688316578,ACK,19,0
21,MSG,1901,1688316578,ACK,19,0
19,MSG,1902,1688316578,ACK,6,0
13,MSG,1903,1688316578,ACK,6,0
30,MSG,1904,1688316578,ACK,13,0
20,MSG,1905,1688316579,ACK,13,0
14,MSG,1906,1688316579,ACK,13,0
23,MSG,1907,1688316579,ACK,13,0
34,MSG,1908,1688316579,ACK,13,0
24,MSG,1909,1688316579,ACK,13,0
17,MSG,1910,1688316579,ACK,13,0
29,MSG,1911,1688316579,ACK,13,0
16,MSG,1912,1688316579,ACK,13,0
36,MSG,1913,1688316579,ACK,13,0
33,MSG,1914,1688316579,ACK,13,0
18,MSG,1915,1688316579,ACK,13,0
25,MSG,1916,1688316579,ACK,13,0
28,MSG,1917,1688316579,ACK,13,0
32,MSG,1918,1688316579,ACK,13,0
26,MSG,1919,1688316579,ACK,13,0
31,MSG,1920,1688316579,ACK,13,0
35,MSG,1921,1688316579,ACK,13,0
15,MSG,1922,1688316579,ACK,13,0
21,MSG,1923,1688316579,ACK,13,0
22,MSG,1924,1688316579,ACK,13,0
19,MSG,1925,1688316579,ACK,13,0
27,MSG,1926,1688316579,ACK,13,0
1,CS_ACCESS,1927,1688316615,,,
1,MSG,1928,1688316618,ACK,30,2
1,MSG,1929,1688316618,ACK,27,2
1,MSG,1930,1688316618,ACK,20,2
1,MSG,1931,1688316618,ACK,14,2
1,MSG,1932,1688316618,ACK,23,2
1,MSG,1933,1688316618,ACK,11,2
1,MSG,1934,1688316618,ACK,34,2
1,MSG,1935,1688316618,ACK,8,2
1,MSG,1936,1688316618,ACK,3,2
1,MSG,1937,1688316618,ACK,24,2
1,MSG,1938,1688316618,ACK,10,2
1,MSG,1939,1688316618,ACK,2,2
1,MSG,1940,1688316618,ACK,17,2
1,MSG,1941,1688316618,ACK,29,2
1,MSG,1942,1688316618,ACK,16,2
1,MSG,1943,1688316618,ACK,36,2
1,MSG,1944,1688316618,ACK,33,2
1,MSG,1945,1688316618,ACK,18,2
1,MSG,1946,1688316618,ACK,25,2
1,MSG,1947,1688316618,ACK,28,2
1,MSG,1948,1688316618,ACK,7,2
1,MSG,1949,1688316618,ACK,32,2
1,MSG,1950,1688316618,ACK,5,2
1,MSG,1951,1688316618,ACK,26,2
1,MSG,1952,1688316618,ACK,31,2
1,MSG,1953,1688316618,ACK,35,2
1,MSG,1954,1688316618,ACK,15,2
1,MSG,1955,1688316618,ACK,21,2
1,MSG,1956,1688316618,ACK,9,2
1,MSG,1957,1688316618,ACK,22,2
1,MSG,1958,1688316618,ACK,4,2
1,MSG,1959,1688316618,ACK,12,2
1,MSG,1960,1688316618,ACK,6,2
1,MSG,1961,1688316618,ACK,19,2
1,MSG,1962,1688316618,ACK,13,2
1,CS_LEAVE,1963,1688316618,,,
2,CS_ACCESS,1964,1688316620,,,
2,MSG,1965,1688316623,ACK,30,2
2,MSG,1966,1688316623,ACK,27,2
2,MSG,1967,1688316623,ACK,20,2
2,MSG,1968,1688316623,ACK,14,2
2,MSG,1969,1688316623,ACK,23,2
2,MSG,1970,1688316623,ACK,11,2
2,MSG,1971,1688316623,ACK,34,2
2,MSG,1972,1688316623,ACK,8,2
2,MSG,1973,1688316623,ACK,3,2
2,MSG,1974,1688316623,ACK,10,2
2,MSG,1975,1688316623,ACK,24,2
2,MSG,1976,1688316623,ACK,17,2
2,MSG,1977,1688316623,ACK,29,2
2,MSG,1978,1688316623,ACK,16,2
2,MSG,1979,1688316623,ACK,36,2
2,MSG,1980,1688316623,ACK,33,2
2,MSG,1981,1688316623,ACK,18,2
2,MSG,1982,1688316623,ACK,25,2
2,MSG,1983,1688316623,ACK,28,2
2,MSG,1984,1688316623,ACK,7,2
2,MSG,1985,1688316623,ACK,32,2
2,MSG,1986,1688316623,ACK,5,2
2,MSG,1987,1688316623,ACK,26,2
2,MSG,1988,1688316623,ACK,31,2
2,MSG,1989,1688316623,ACK,35,2
2,MSG,1990,1688316623,ACK,15,2
2,MSG,1991,1688316623,ACK,21,2
2,MSG,1992,1688316623,ACK,9,2
2,MSG,1993,1688316623,ACK,22,2
2,MSG,1994,1688316623,ACK,4,2
2,MSG,1995,1688316623,ACK,12,2
2,MSG,1996,1688316623,ACK,6,2
2,MSG,1997,1688316623,ACK,19,2
2,MSG,1998,1688316623,ACK,13,2
2,CS_LEAVE,1999,1688316623,,,
3,CS_ACCESS,2000,1688316625,,,
3,MSG,2001,1688316628,ACK,30,2
3,MSG,2002,1688316628,ACK,27,2
3,MSG,2003,1688316628,ACK,20,2
3,MSG,2004,1688316628,ACK,14,2
3,MSG,2005,1688316628,ACK,23,2
3,MSG,2006,1688316628,ACK,11,2
3,MSG,2007,1688316628,ACK,34,2
3,MSG,2008,1688316628,ACK,8,2
3,MSG,2009,1688316628,ACK,10,2
3,MSG,2010,1688316628,ACK,24,2
3,MSG,2011,1688316628,ACK,17,2
3,MSG,2012,1688316628,ACK,29,2
3,MSG,2013,1688316628,ACK,16,2
3,MSG,2014,1688316628,ACK,36,2
3,MSG,2015,1688316628,ACK,33,2
3,MSG,2016,1688316628,ACK,18,2
3,MSG,2017,1688316628,ACK,25,2
3,MSG,2018,1688316628,ACK,28,2
3,MSG,2019,1688316628,ACK,7,2
3,MSG,2020,1688316628,ACK,32,2
3,MSG,2021,1688316628,ACK,5,2
3,MSG,2022,1688316628,ACK,26,2
3,MSG,2023,1688316628,ACK,31,2
3,MSG,2024,1688316628,ACK,35,2
3,MSG,2025,1688316628,ACK,15,2
3,MSG,2026,1688316628,ACK,21,2
3,MSG,2027,1688316628,ACK,9,2
3,MSG,2028,1688316628,ACK,22,2
3,MSG,2029,1688316628,ACK,4,2
3,MSG,2030,1688316628,ACK,12,2
3,MSG,2031,1688316628,ACK,6,2
3,MSG,2032,1688316628,ACK,19,2
3,MSG,2033,1688316628,ACK,13,2
3,CS_LEAVE,2034,1688316628,,,
4,CS_ACCESS,2035,1688316629,,,
4,MSG,2036,1688316632,ACK,30,2
4,MSG,2037,1688316632,ACK,27,2
4,MSG,2038,1688316632,ACK,20,2
4,MSG,2039,1688316632,ACK,14,2
4,MSG,2040,1688316632,ACK,23,2
4,MSG,2041,1688316632,ACK,11,2
4,MSG,2042,1688316632,ACK,34,2
4,MSG,2043,1688316632,ACK,8,2
4,MSG,2044,1688316632,ACK,10,2
4,MSG,2045,1688316632,ACK,24,2
4,MSG,2046,1688316632,ACK,17,2
4,MSG,2047,1688316632,ACK,29,2
4,MSG,2048,1688316632,ACK,16,2
4,MSG,2049,1688316632,ACK,36,2
4,MSG,2050,1688316632,ACK,33,2
4,MSG,2051,1688316632,ACK,18,2
4,MSG,2052,1688316632,ACK,25,2
4,MSG,2053,1688316632,ACK,28,2
4,MSG,2054,1688316632,ACK,7,2
4,MSG,2055,1688316632,ACK,32,2
4,MSG,2056,1688316632,ACK,5,2
4,MSG,2057,1688316632,ACK,26,2
4,MSG,2058,1688316632,ACK,31,2
4,MSG,2059,1688316632,ACK,35,2
4,MSG,2060,1688316632,ACK,15,2
4,MSG,2061,1688316632,ACK,21,2
4,MSG,2062,1688316632,ACK,22,2
4,MSG,2063,1688316632,ACK,9,2
4,MSG,2064,1688316632,ACK,12,2
4,MSG,2065,1688316632,ACK,6,2
4,MSG,2066,1688316632,ACK,19,2
4,MSG,2067,1688316632,ACK,13,2
4,CS_LEAVE,2068,1688316632,,,
5,CS_ACCESS,2069,1688316634,,,
5,MSG,2070,1688316637,ACK,30,2
5,MSG,2071,1688316637,ACK,27,2
5,MSG,2072,1688316637,ACK,20,2
5,MSG,2073,1688316637,ACK,14,2
5,MSG,2074,1688316637,ACK,23,2
5,MSG,2075,1688316637,ACK,11,2
5,MSG,2076,1688316637,ACK,34,2
5,MSG,2077,1688316637,ACK,8,2
5,MSG,2078,1688316637,ACK,10,2
5,MSG,2079,1688316637,ACK,24,2
5,MSG,2080,1688316637,ACK,17,2
5,MSG,2081,1688316637,ACK,29,2
5,MSG,2082,1688316637,ACK,16,2
5,MSG,2083,1688316637,ACK,36,2
5,MSG,2084,1688316637,ACK,33,2
5,MSG,2085,1688316637,ACK,18,2
5,MSG,2086,1688316637,ACK,25,2
5,MSG,2087,1688316637,ACK,28,2
5,MSG,2088,1688316637,ACK,7,2
5,MSG,2089,1688316637,ACK,32,2
5,MSG,2090,1688316637,ACK,26,2
5,MSG,2091,1688316637,ACK,31,2
5,MSG,2092,1688316637,ACK,35,2
5,MSG,2093,1688316637,ACK,15,2
5,MSG,2094,1688316637,ACK,21,2
5,MSG,2095,1688316637,ACK,22,2
5,MSG,2096,1688316637,ACK,9,2
5,MSG,2097,1688316637,ACK,12,2
5,MSG,2098,1688316637,ACK,6,2
5,MSG,2099,1688316637,ACK,19,2
5,MSG,2100,1688316637,ACK,13,2
5,CS_LEAVE,2101,1688316637,,,
6,CS_ACCESS,2102,1688316638,,,
6,MSG,2103,1688316641,ACK,30,2
6,MSG,2104,1688316641,ACK,27,2
6,MSG,2105,1688316641,ACK,20,2
6,MSG,2106,1688316641,ACK,14,2
6,MSG,2107,1688316641,ACK,23,2
6,MSG,2108,1688316641,ACK,11,2
6,MSG,2109,1688316641,ACK,34,2
6,MSG,2110,1688316641,ACK,8,2
6,MSG,2111,1688316641,ACK,10,2
6,MSG,2112,1688316641,ACK,24,2
6,MSG,2113,1688316641,ACK,17,2
6,MSG,2114,1688316641,ACK,29,2
6,MSG,2115,1688316641,ACK,16,2
6,MSG,2116,1688316641,ACK,36,2
6,MSG,2117,1688316641,ACK,33,2
6,MSG,2118,1688316641,ACK,18,2
6,MSG,2119,1688316641,ACK,25,2
6,MSG,2120,1688316641,ACK,28,2
6,MSG,2121,1688316641,ACK,7,2
6,MSG,2122,1688316641,ACK,32,2
6,MSG,2123,1688316641,ACK,26,2
6,MSG,2124,1688316641,ACK,31,2
6,MSG,2125,1688316641,ACK,35,2
6,MSG,2126,1688316641,ACK,15,2
6,MSG,2127,1688316641,ACK,21,2
6,MSG,2128,1688316641,ACK,22,2
6,MSG,2129,1688316641,ACK,9,2
6,MSG,2130,1688316641,ACK,12,2
6,MSG,2131,1688316641,ACK,19,2
6,MSG,2132,1688316641,ACK,13,2
6,CS_LEAVE,2133,1688316641,,,
7,CS_ACCESS,2134,1688316643,,,
7,MSG,2135,1688316646,ACK,30,2
7,MSG,2136,1688316646,ACK,27,2
7,MSG,2137,1688316646,ACK,20,2
7,MSG,2138,1688316646,ACK,14,2
7,MSG,2139,1688316646,ACK,23,2
7,MSG,2140,1688316646,ACK,11,2
7,MSG,2141,1688316646,ACK,34,2
7,MSG,2142,1688316646,ACK,8,2
7,MSG,2143,1688316646,ACK,10,2
7,MSG,2144,1688316646,ACK,24,2
7,MSG,2145,1688316646,ACK,17,2
7,MSG,2146,1688316646,ACK,29,2
7,MSG,2147,1688316646,ACK,16,2
7,MSG,2148,1688316646,ACK,36,2
7,MSG,2149,1688316646,ACK,33,2
7,MSG,2150,1688316646,ACK,18,2
7,MSG,2151,1688316646,ACK,25,2
7,MSG,2152,1688316646,ACK,28,2
7,MSG,2153,1688316646,ACK,32,2
7,MSG,2154,1688316646,ACK,26,2
7,MSG,2155,1688316646,ACK,31,2
7,MSG,2156,1688316646,ACK,35,2
7,MSG,2157,1688316646,ACK,15,2
7,MSG,2158,1688316646,ACK,21,2
7,MSG,2159,1688316646,ACK,22,2
7,MSG,2160,1688316646,ACK,9,2
7,MSG,2161,1688316646,ACK,12,2
7,MSG,2162,1688316646,ACK,19,2
7,MSG,2163,1688316646,ACK,13,2
7,CS_LEAVE,2164,1688316646,,,
8,CS_ACCESS,2165,1688316648,,,
8,MSG,2166,1688316651,ACK,30,2
8,MSG,2167,1688316651,ACK,27,2
8,MSG,2168,1688316651,ACK,20,2
8,MSG,2169,1688316651,ACK,14,2
8,MSG,2170,1688316651,ACK,23,2
8,MSG,2171,1688316651,ACK,11,2
8,MSG,2172,1688316651,ACK,34,2
8,MSG,2173,1688316651,ACK,10,2
8,MSG,2174,1688316651,ACK,24,2
8,MSG,2175,1688316651,ACK,17,2
8,MSG,2176,1688316651,ACK,29,2
8,MSG,2177,1688316651,ACK,16,2
8,MSG,2178,1688316651,ACK,36,2
8,MSG,2179,1688316651,ACK,33,2
8,MSG,2180,1688316651,ACK,18,2
8,MSG,2181,1688316651,ACK,25,2
8,MSG,2182,1688316651,ACK,28,2
8,MSG,2183,1688316651,ACK,32,2
8,MSG,2184,1688316651,ACK,26,2
8,MSG,2185,1688316651,ACK,31,2
8,MSG,2186,1688316651,ACK,35,2
8,MSG,2187,1688316651,ACK,15,2
8,MSG,2188,1688316651,ACK,21,2
8,MSG,2189,1688316651,ACK,22,2
8,MSG,2190,1688316651,ACK,9,2
8,MSG,2191,1688316651,ACK,12,2
8,MSG,2192,1688316651,ACK,19,2
8,MSG,2193,1688316651,ACK,13,2
8,CS_LEAVE,2194,1688316651,,,
9,CS_ACCESS,2195,1688316652,,,
9,MSG,2196,1688316655,ACK,30,2
9,MSG,2197,1688316655,ACK,27,2
9,MSG,2198,1688316655,ACK,20,2
9,MSG,2199,1688316655,ACK,14,2
9,MSG,2200,1688316655,ACK,23,2
9,MSG,2201,1688316655,ACK,11,2
9,MSG,2202,1688316655,ACK,34,2
9,MSG,2203,1688316655,ACK,10,2
9,MSG,2204,1688316655,ACK,24,2
9,MSG,2205,1688316655,ACK,17,2
9,MSG,2206,1688316655,ACK,29,2
9,MSG,2207,1688316655,ACK,16,2
9,MSG,2208,1688316655,ACK,36,2
9,MSG,2209,1688316655,ACK,33,2
9,MSG,2210,1688316655,ACK,18,2
9,MSG,2211,1688316655,ACK,25,2
9,MSG,2212,1688316655,ACK,28,2
9,MSG,2213,1688316655,ACK,32,2
9,MSG,2214,1688316655,ACK,26,2
9,MSG,2215,1688316655,ACK,31,2
9,MSG,2216,1688316655,ACK,35,2
9,MSG,2217,1688316655,ACK,15,2
9,MSG,2218,1688316655,ACK,21,2
9,MSG,2219,1688316655,ACK,22,2
9,MSG,2220,1688316655,ACK,12,2
9,MSG,2221,1688316655,ACK,19,2
9,MSG,2222,1688316655,ACK,13,2
9,CS_LEAVE,2223,1688316655,,,
10,CS_ACCESS,2224,1688316657,,,
10,MSG,2225,1688316660,ACK,30,2
10,MSG,2226,1688316660,ACK,27,2
10,MSG,2227,1688316660,ACK,20,2
10,MSG,2228,1688316660,ACK,14,2
10,MSG,2229,1688316660,ACK,23,2
10,MSG,2230,1688316660,ACK,11,2
10,MSG,2231,1688316660,ACK,34,2
10,MSG,2232,1688316660,ACK,24,2
10,MSG,2233,1688316660,ACK,17,2
10,MSG,2234,1688316660,ACK,29,2
10,MSG,2235,1688316660,ACK,16,2
10,MSG,2236,1688316660,ACK,36,2
10,MSG,2237,1688316660,ACK,33,2
10,MSG,2238,1688316660,ACK,18,2
10,MSG,2239,1688316660,ACK,28,2
10,MSG,2240,1688316660,ACK,25,2
10,MSG,2241,1688316660,ACK,32,2
10,MSG,2242,1688316660,ACK,26,2
10,MSG,2243,1688316660,ACK,31,2
10,MSG,2244,1688316660,ACK,35,2
10,MSG,2245,1688316660,ACK,15,2
10,MSG,2246,1688316660,ACK,21,2
10,MSG,2247,1688316660,ACK,22,2
10,MSG,2248,1688316660,ACK,12,2
10,MSG,2249,1688316660,ACK,19,2
10,MSG,2250,1688316660,ACK,13,2
10,CS_LEAVE,2251,1688316660,,,
11,CS_ACCESS,2252,1688316662,,,
11,MSG,2253,1688316665,ACK,30,2
11,MSG,2254,1688316665,ACK,27,2
11,MSG,2255,1688316665,ACK,20,2
11,MSG,2256,1688316665,ACK,14,2
11,MSG,2257,1688316665,ACK,23,2
11,MSG,2258,1688316665,ACK,34,2
11,MSG,2259,1688316665,ACK,24,2
11,MSG,2260,1688316665,ACK,17,2
11,MSG,2261,1688316665,ACK,29,2
11,MSG,2262,1688316665,ACK,16,2
11,MSG,2263,1688316665,ACK,36,2
11,MSG,2264,1688316665,ACK,33,2
11,MSG,2265,1688316665,ACK,18,2
11,MSG,2266,1688316665,ACK,28,2
11,MSG,2267,1688316665,ACK,25,2
11,MSG,2268,1688316665,ACK,32,2
11,MSG,2269,1688316665,ACK,26,2
11,MSG,2270,1688316665,ACK,31,2
11,MSG,2271,1688316665,ACK,35,2
11,MSG,2272,1688316665,ACK,15,2
11,MSG,2273,1688316665,ACK,21,2
11,MSG,2274,1688316665,ACK,22,2
11,MSG,2275,1688316665,ACK,12,2
11,MSG,2276,1688316665,ACK,19,2
11,MSG,2277,1688316665,ACK,13,2
11,CS_LEAVE,2278,1688316665,,,
12,CS_ACCESS,2279,1688316666,,,
12,MSG,2280,1688316669,ACK,30,2
12,MSG,2281,1688316669,ACK,27,2
12,MSG,2282,1688316669,ACK,20,2
12,MSG,2283,1688316669,ACK,14,2
12,MSG,2284,1688316669,ACK,23,2
12,MSG,2285,1688316669,ACK,34,2
12,MSG,2286,1688316669,ACK,24,2
12,MSG,2287,1688316669,ACK,17,2
12,MSG,2288,1688316669,ACK,29,2
12,MSG,2289,1688316669,ACK,16,2
12,MSG,2290,1688316669,ACK,36,2
12,MSG,2291,1688316669,ACK,33,2
12,MSG,2292,1688316669,ACK,18,2
12,MSG,2293,1688316669,ACK,28,2
12,MSG,2294,1688316669,ACK,25,2
12,MSG,2295,1688316669,ACK,32,2
12,MSG,2296,1688316669,ACK,26,2
12,MSG,2297,1688316669,ACK,31,2
12,MSG,2298,1688316669,ACK,35,2
12,MSG,2299,1688316669,ACK,15,2
12,MSG,2300,1688316669,ACK,21,2
12,MSG,2301,1688316669,ACK,22,2
12,MSG,2302,1688316669,ACK,19,2
12,MSG,2303,1688316669,ACK,13,2
12,CS_LEAVE,2304,1688316669,,,
13,CS_ACCESS,2305,1688316670,,,
13,MSG,2306,1688316673,ACK,30,2
13,MSG,2307,1688316673,ACK,27,2
13,MSG,2308,1688316673,ACK,20,2
13,MSG,2309,1688316673,ACK,14,2
13,MSG,2310,1688316673,ACK,23,2
13,MSG,2311,1688316673,ACK,34,2
13,MSG,2312,1688316673,ACK,24,2
13,MSG,2313,1688316673,ACK,17,2
13,MSG,2314,1688316673,ACK,29,2
13,MSG,2315,1688316673,ACK,16,2
13,MSG,2316,1688316673,ACK,36,2
13,MSG,2317,1688316673,ACK,33,2
13,MSG,2318,1688316673,ACK,18,2
13,MSG,2319,1688316673,ACK,28,2
13,MSG,2320,1688316673,ACK,25,2
13,MSG,2321,1688316673,ACK,32,2
13,MSG,2322,1688316673,ACK,26,2
13,MSG,2323,1688316673,ACK,31,2
13,MSG,2324,1688316673,ACK,35,2
13,MSG,2325,1688316673,ACK,15,2
13,MSG,2326,1688316673,ACK,21,2
13,MSG,2327,1688316673,ACK,22,2
13,MSG,2328,1688316673,ACK,19,2
13,CS_LEAVE,2329,1688316673,,,
14,CS_ACCESS,2330,1688316675,,,
14,MSG,2331,1688316678,ACK,30,2
14,MSG,2332,1688316678,ACK,27,2
14,MSG,2333,1688316678,ACK,20,2
14,MSG,2334,1688316678,ACK,23,2
14,MSG,2335,1688316678,ACK,34,2
14,MSG,2336,1688316678,ACK,24,2
14,MSG,2337,1688316678,ACK,17,2
14,MSG,2338,1688316678,ACK,29,2
14,MSG,2339,1688316678,ACK,16,2
14,MSG,2340,1688316678,ACK,36,2
14,MSG,2341,1688316678,ACK,33,2
14,MSG,2342,1688316678,ACK,18,2
14,MSG,2343,1688316678,ACK,28,2
14,MSG,2344,1688316678,ACK,25,2
14,MSG,2345,1688316678,ACK,32,2
14,MSG,2346,1688316678,ACK,26,2
14,MSG,2347,1688316678,ACK,31,2
14,MSG,2348,1688316678,ACK,35,2
14,MSG,2349,1688316678,ACK,15,2
14,MSG,2350,1688316678,ACK,21,2
14,MSG,2351,1688316678,ACK,22,2
14,MSG,2352,1688316678,ACK,19,2
14,CS_LEAVE,2353,1688316678,,,
15,CS_ACCESS,2354,1688316679,,,
15,MSG,2355,1688316682,ACK,30,2
15,MSG,2356,1688316682,ACK,27,2
15,MSG,2357,1688316682,ACK,20,2
15,MSG,2358,1688316682,ACK,23,2
15,MSG,2359,1688316682,ACK,34,2
15,MSG,2360,1688316682,ACK,24,2
15,MSG,2361,1688316682,ACK,17,2
15,MSG,2362,1688316682,ACK,29,2
15,MSG,2363,1688316682,ACK,16,2
15,MSG,2364,1688316682,ACK,36,2
15,MSG,2365,1688316682,ACK,33,2
15,MSG,2366,1688316682,ACK,18,2
15,MSG,2367,1688316682,ACK,28,2
15,MSG,2368,1688316682,ACK,25,2
15,MSG,2369,1688316682,ACK,32,2
15,MSG,2370,1688316682,ACK,26,2
15,MSG,2371,1688316682,ACK,31,2
15,MSG,2372,1688316682,ACK,35,2
15,MSG,2373,1688316682,ACK,21,2
15,MSG,2374,1688316682,ACK,22,2
15,MSG,2375,1688316682,ACK,19,2
15,CS_LEAVE,2376,1688316682,,,
16,CS_ACCESS,2377,1688316684,,,
16,MSG,2378,1688316687,ACK,30,2
16,MSG,2379,1688316687,ACK,27,2
16,MSG,2380,1688316687,ACK,20,2
16,MSG,2381,1688316687,ACK,23,2
16,MSG,2382,1688316687,ACK,34,2
16,MSG,2383,1688316687,ACK,24,2
16,MSG,2384,1688316687,ACK,17,2
16,MSG,2385,1688316687,ACK,29,2
16,MSG,2386,1688316687,ACK,36,2
16,MSG,2387,1688316687,ACK,33,2
16,MSG,2388,1688316687,ACK,18,2
16,MSG,2389,1688316687,ACK,28,2
16,MSG,2390,1688316687,ACK,25,2
16,MSG,2391,1688316687,ACK,32,2
16,MSG,2392,1688316687,ACK,26,2
16,MSG,2393,1688316687,ACK,31,2
16,MSG,2394,1688316687,ACK,35,2
16,MSG,2395,1688316687,ACK,21,2
16,MSG,2396,1688316687,ACK,22,2
16,MSG,2397,1688316687,ACK,19,2
16,CS_LEAVE,2398,1688316687,,,
17,CS_ACCESS,2399,1688316689,,,
17,MSG,2400,1688316692,ACK,30,2
17,MSG,2401,1688316692,ACK,27,2
17,MSG,2402,1688316692,ACK,20,2
17,MSG,2403,1688316692,ACK,23,2
17,MSG,2404,1688316692,ACK,34,2
17,MSG,2405,1688316692,ACK,24,2
17,MSG,2406,1688316692,ACK,29,2
17,MSG,2407,1688316692,ACK,36,2
17,MSG,2408,1688316692,ACK,33,2
17,MSG,2409,1688316692,ACK,18,2
17,MSG,2410,1688316692,ACK,28,2
17,MSG,2411,1688316692,ACK,25,2
17,MSG,2412,1688316692,ACK,32,2
17,MSG,2413,1688316692,ACK,26,2
17,MSG,2414,1688316692,ACK,31,2
17,MSG,2415,1688316692,ACK,35,2
17,MSG,2416,1688316692,ACK,21,2
17,MSG,2417,1688316692,ACK,22,2
17,MSG,2418,1688316692,ACK,19,2
17,CS_LEAVE,2419,1688316692,,,
18,CS_ACCESS,2420,1688316693,,,
18,MSG,2421,1688316696,ACK,30,2
18,MSG,2422,1688316696,ACK,27,2
18,MSG,2423,1688316696,ACK,20,2
18,MSG,2424,1688316696,ACK,23,2
18,MSG,2425,1688316696,ACK,34,2
18,MSG,2426,1688316696,ACK,24,2
18,MSG,2427,1688316696,ACK,29,2
18,MSG,2428,1688316696,ACK,36,2
18,MSG,2429,1688316696,ACK,33,2
18,MSG,2430,1688316696,ACK,28,2
18,MSG,2431,1688316696,ACK,25,2
18,MSG,2432,1688316696,ACK,32,2
18,MSG,2433,1688316696,ACK,26,2
18,MSG,2434,1688316696,ACK,31,2
18,MSG,2435,1688316696,ACK,35,2
18,MSG,2436,1688316696,ACK,21,2
18,MSG,2437,1688316696,ACK,22,2
18,MSG,2438,1688316696,ACK,19,2
18,CS_LEAVE,2439,1688316696,,,
19,CS_ACCESS,2440,1688316697,,,
19,MSG,2441,1688316700,ACK,30,2
19,MSG,2442,1688316700,ACK,27,2
19,MSG,2443,1688316700,ACK,20,2
19,MSG,2444,1688316700,ACK,23,2
19,MSG,2445,1688316700,ACK,34,2
19,MSG,2446,1688316700,ACK,24,2
19,MSG,2447,1688316700,ACK,29,2
19,MSG,2448,1688316700,ACK,36,2
19,MSG,2449,1688316700,ACK,33,2
19,MSG,2450,1688316700,ACK,28,2
19,MSG,2451,1688316700,ACK,25,2
19,MSG,2452,1688316700,ACK,32,2
19,MSG,2453,1688316700,ACK,26,2
19,MSG,2454,1688316700,ACK,31,2
19,MSG,2455,1688316700,ACK,35,2
19,MSG,2456,1688316700,ACK,21,2
19,MSG,2457,1688316700,ACK,22,2
19,CS_LEAVE,2458,1688316700,,,
20,CS_ACCESS,2459,1688316702,,,
20,MSG,2460,1688316705,ACK,30,2
20,MSG,2461,1688316705,ACK,27,2
20,MSG,2462,1688316705,ACK,23,2
20,MSG,2463,1688316705,ACK,34,2
20,MSG,2464,1688316705,ACK,24,2
20,MSG,2465,1688316705,ACK,29,2
20,MSG,2466,1688316705,ACK,36,2
20,MSG,2467,1688316705,ACK,33,2
20,MSG,2468,1688316705,ACK,28,2
20,MSG,2469,1688316705,ACK,25,2
20,MSG,2470,1688316705,ACK,32,2
20,MSG,2471,1688316705,ACK,26,2
20,MSG,2472,1688316705,ACK,31,2
20,MSG,2473,1688316705,ACK,35,2
20,MSG,2474,1688316705,ACK,21,2
20,MSG,2475,1688316705,ACK,22,2
20,CS_LEAVE,2476,1688316705,,,
21,CS_ACCESS,2477,1688316706,,,
21,MSG,2478,1688316709,ACK,30,2
21,MSG,2479,1688316709,ACK,27,2
21,MSG,2480,1688316709,ACK,23,2
21,MSG,2481,1688316709,ACK,34,2
21,MSG,2482,1688316709,ACK,24,2
21,MSG,2483,1688316709,ACK,29,2
21,MSG,2484,1688316709,ACK,36,2
21,MSG,2485,1688316709,ACK,33,2
21,MSG,2486,1688316709,ACK,28,2
21,MSG,2487,1688316709,ACK,25,2
21,MSG,2488,1688316709,ACK,32,2
21,MSG,2489,1688316709,ACK,26,2
21,MSG,2490,1688316709,ACK,31,2
21,MSG,2491,1688316709,ACK,35,2
21,MSG,2492,1688316709,ACK,22,2
21,CS_LEAVE,2493,1688316709,,,
22,CS_ACCESS,2494,1688316711,,,
22,MSG,2495,1688316714,ACK,30,2
22,MSG,2496,1688316714,ACK,27,2
22,MSG,2497,1688316714,ACK,23,2
22,MSG,2498,1688316714,ACK,34,2
22,MSG,2499,1688316714,ACK,24,2
22,MSG,2500,1688316714,ACK,29,2
22,MSG,2501,1688316714,ACK,36,2
22,MSG,2502,1688316714,ACK,33,2
22,MSG,2503,1688316714,ACK,28,2
22,MSG,2504,1688316714,ACK,25,2
22,MSG,2505,1688316714,ACK,32,2
22,MSG,2506,1688316714,ACK,26,2
22,MSG,2507,1688316714,ACK,31,2
22,MSG,2508,1688316714,ACK,35,2
22,CS_LEAVE,2509,1688316714,,,
23,CS_ACCESS,2510,1688316716,,,
23,MSG,2511,1688316719,ACK,30,2
23,MSG,2512,1688316719,ACK,27,2
23,MSG,2513,1688316719,ACK,34,2
23,MSG,2514,1688316719,ACK,24,2
23,MSG,2515,1688316719,ACK,29,2
23,MSG,2516,1688316719,ACK,36,2
23,MSG,2517,1688316719,ACK,33,2
23,MSG,2518,1688316719,ACK,28,2
23,MSG,2519,1688316719,ACK,25,2
23,MSG,2520,1688316719,ACK,32,2
23,MSG,2521,1688316719,ACK,26,2
23,MSG,2522,1688316719,ACK,31,2
23,MSG,2523,1688316719,ACK,35,2
23,CS_LEAVE,2524,1688316719,,,
24,CS_ACCESS,2525,1688316720,,,
24,MSG,2526,1688316723,ACK,30,2
24,MSG,2527,1688316723,ACK,27,2
24,MSG,2528,1688316723,ACK,34,2
24,MSG,2529,1688316723,ACK,29,2
24,MSG,2530,1688316723,ACK,36,2
24,MSG,2531,1688316723,ACK,33,2
24,MSG,2532,1688316723,ACK,28,2
24,MSG,2533,1688316723,ACK,25,2
24,MSG,2534,1688316723,ACK,32,2
24,MSG,2535,1688316723,ACK,26,2
24,MSG,2536,1688316723,ACK,31,2
24,MSG,2537,1688316723,ACK,35,2
24,CS_LEAVE,2538,1688316723,,,
25,CS_ACCESS,2539,1688316724,,,
25,MSG,2540,1688316727,ACK,30,2
25,MSG,2541,1688316727,ACK,27,2
25,MSG,2542,1688316727,ACK,34,2
25,MSG,2543,1688316727,ACK,29,2
25,MSG,2544,1688316727,ACK,36,2
25,MSG,2545,1688316727,ACK,33,2
25,MSG,2546,1688316727,ACK,28,2
25,MSG,2547,1688316727,ACK,32,2
25,MSG,2548,1688316727,ACK,26,2
25,MSG,2549,1688316727,ACK,31,2
25,MSG,2550,1688316727,ACK,35,2
25,CS_LEAVE,2551,1688316727,,,
26,CS_ACCESS,2552,1688316728,,,
26,MSG,2553,1688316731,ACK,30,2
26,MSG,2554,1688316731,ACK,27,2
26,MSG,2555,1688316731,ACK,34,2
26,MSG,2556,1688316731,ACK,29,2
26,MSG,2557,1688316731,ACK,36,2
26,MSG,2558,1688316731,ACK,33,2
26,MSG,2559,1688316731,ACK,28,2
26,MSG,2560,1688316731,ACK,32,2
26,MSG,2561,1688316731,ACK,31,2
26,MSG,2562,1688316731,ACK,35,2
26,CS_LEAVE,2563,1688316731,,,
27,CS_ACCESS,2564,1688316733,,,
27,MSG,2565,1688316736,ACK,30,2
27,MSG,2566,1688316736,ACK,34,2
27,MSG,2567,1688316736,ACK,29,2
27,MSG,2568,1688316736,ACK,36,2
27,MSG,2569,1688316736,ACK,33,2
27,MSG,2570,1688316736,ACK,28,2
27,MSG,2571,1688316736,ACK,32,2
27,MSG,2572,1688316736,ACK,31,2
27,MSG,2573,1688316736,ACK,35,2
27,CS_LEAVE,2574,1688316736,,,
28,CS_ACCESS,2575,1688316737,,,
28,MSG,2576,1688316740,ACK,30,2
28,MSG,2577,1688316740,ACK,34,2
28,MSG,2578,1688316740,ACK,29,2
28,MSG,2579,1688316740,ACK,36,2
28,MSG,2580,1688316740,ACK,33,2
28,MSG,2581,1688316740,ACK,32,2
28,MSG,2582,1688316740,ACK,31,2
28,MSG,2583,1688316740,ACK,35,2
28,CS_LEAVE,2584,1688316740,,,
29,CS_ACCESS,2585,1688316742,,,
29,MSG,2586,1688316745,ACK,30,2
29,MSG,2587,1688316745,ACK,34,2
29,MSG,2588,1688316745,ACK,36,2
29,MSG,2589,1688316745,ACK,33,2
29,MSG,2590,1688316745,ACK,32,2
29,MSG,2591,1688316745,ACK,31,2
29,MSG,2592,1688316745,ACK,35,2
29,CS_LEAVE,2593,1688316745,,,
30,CS_ACCESS,2594,1688316747,,,
30,MSG,2595,1688316750,ACK,34,2
30,MSG,2596,1688316750,ACK,36,2
30,MSG,2597,1688316750,ACK,33,2
30,MSG,2598,1688316750,ACK,32,2
30,MSG,2599,1688316750,ACK,31,2
30,MSG,2600,1688316750,ACK,35,2
30,CS_LEAVE,2601,1688316750,,,
31,CS_ACCESS,2602,1688316751,,,
31,MSG,2603,1688316754,ACK,34,2
31,MSG,2604,1688316754,ACK,36,2
31,MSG,2605,1688316754,ACK,33,2
31,MSG,2606,1688316754,ACK,32,2
31,MSG,2607,1688316754,ACK,35,2
31,CS_LEAVE,2608,1688316754,,,
32,CS_ACCESS,2609,1688316756,,,
32,MSG,2610,1688316759,ACK,34,2
32,MSG,2611,1688316759,ACK,36,2
32,MSG,2612,1688316759,ACK,33,2
32,MSG,2613,1688316759,ACK,35,2
32,CS_LEAVE,2614,1688316759,,,
33,CS_ACCESS,2615,1688316761,,,
33,MSG,2616,1688316764,ACK,34,2
33,MSG,2617,1688316764,ACK,36,2
33,MSG,2618,1688316764,ACK,35,2
33,CS_LEAVE,2619,1688316764,,,
34,CS_ACCESS,2620,1688316766,,,
34,MSG,2621,1688316769,ACK,36,2
34,MSG,2622,1688316769,ACK,35,2
34,CS_LEAVE,2623,1688316769,,,
35,CS_ACCESS,2624,1688316770,,,
35,MSG,2625,1688316773,ACK,36,2
35,CS_LEAVE,2626,1688316773,,,
36,CS_ACCESS,2627,1688316775,,,
18,PROC_STOPPED,2628,1688316775,,,
33,PROC_STOPPED,2629,1688316775,,,
1,PROC_STOPPED,2630,1688316775,,,
28,PROC_STOPPED,2631,1688316775,,,
25,PROC_STOPPED,2632,1688316775,,,
7,PROC_STOPPED,2633,1688316775,,,
32,PROC_STOPPED,2634,1688316775,,,
5,PROC_STOPPED,2635,1688316775,,,
26,PROC_STOPPED,2636,1688316775,,,
35,PROC_STOPPED,2637,1688316775,,,
31,PROC_STOPPED,2638,1688316775,,,
15,PROC_STOPPED,2639,1688316775,,,
9,PROC_STOPPED,2640,1688316775,,,
22,PROC_STOPPED,2641,1688316775,,,
21,PROC_STOPPED,2642,1688316775,,,
4,PROC_STOPPED,2643,1688316775,,,
12,PROC_STOPPED,2644,1688316776,,,
6,PROC_STOPPED,2645,1688316776,,,
19,PROC_STOPPED,2646,1688316776,,,
13,PROC_STOPPED,2647,1688316776,,,
30,PROC_STOPPED,2648,1688316776,,,
27,PROC_STOPPED,2649,1688316776,,,
20,PROC_STOPPED,2650,1688316776,,,
14,PROC_STOPPED,2651,1688316776,,,
23,PROC_STOPPED,2652,1688316776,,,
11,PROC_STOPPED,2653,1688316776,,,
34,PROC_STOPPED,2654,1688316776,,,
8,PROC_STOPPED,2655,1688316776,,,
3,PROC_STOPPED,2656,1688316776,,,
2,PROC_STOPPED,2657,1688316776,,,
17,PROC_STOPPED,2658,1688316776,,,
10,PROC_STOPPED,2659,1688316776,,,
24,PROC_STOPPED,2660,1688316776,,,
29,PROC_STOPPED,2661,1688316776,,,
16,PROC_STOPPED,2662,1688316776,,,
36,PROC_STOPPED,2663,1688316776,,,
,END,2664,1688316776,2023-07-02 16:52:56,False
