procID,event_type,logical_clock,real_clock,msg,msg_receiver,msg_ts
,START,0,1688316232,2023-07-02 16:43:52,False
12,MSG,1,1688316232,REQUEST,1,2
12,MSG,2,1688316232,REQUEST,2,2
12,MSG,3,1688316232,REQUEST,3,2
12,MSG,4,1688316232,REQUEST,4,2
12,MSG,5,1688316232,REQUEST,5,2
12,MSG,6,1688316232,REQUEST,6,2
12,MSG,7,1688316232,REQUEST,7,2
12,MSG,8,1688316232,REQUEST,8,2
12,MSG,9,1688316232,REQUEST,9,2
12,MSG,10,1688316232,REQUEST,10,2
12,MSG,11,1688316232,REQUEST,11,2
12,MSG,12,1688316232,REQUEST,13,2
12,MSG,13,1688316232,REQUEST,14,2
12,MSG,14,1688316232,REQUEST,15,2
12,MSG,15,1688316232,REQUEST,16,2
12,CS_REQUESTED,16,1688316232,,,
11,MSG,17,1688316232,ACK,12,0
7,MSG,18,1688316232,ACK,12,0
3,MSG,19,1688316232,ACK,12,0
2,MSG,20,1688316232,ACK,12,0
5,MSG,21,1688316233,ACK,12,0
9,MSG,22,1688316233,REQUEST,1,2
9,MSG,23,1688316233,REQUEST,2,2
9,MSG,24,1688316233,REQUEST,3,2
9,MSG,25,1688316233,REQUEST,4,2
6,MSG,26,1688316233,REQUEST,1,2
9,MSG,27,1688316233,REQUEST,5,2
9,MSG,28,1688316233,REQUEST,6,2
9,MSG,29,1688316233,REQUEST,7,2
9,MSG,30,1688316233,REQUEST,8,2
9,MSG,31,1688316233,REQUEST,10,2
9,MSG,32,1688316233,REQUEST,11,2
9,MSG,33,1688316233,REQUEST,12,2
9,MSG,34,1688316233,REQUEST,13,2
9,MSG,35,1688316233,REQUEST,14,2
9,MSG,36,1688316233,REQUEST,15,2
9,MSG,37,1688316233,REQUEST,16,2
9,CS_REQUESTED,38,1688316233,,,
6,MSG,39,1688316233,REQUEST,2,2
6,MSG,40,1688316233,REQUEST,3,2
6,MSG,41,1688316233,REQUEST,4,2
6,MSG,42,1688316233,REQUEST,5,2
6,MSG,43,1688316233,REQUEST,7,2
6,MSG,44,1688316233,REQUEST,8,2
6,MSG,45,1688316233,REQUEST,9,2
6,MSG,46,1688316233,REQUEST,10,2
6,MSG,47,1688316233,REQUEST,11,2
6,MSG,48,1688316233,REQUEST,12,2
6,MSG,49,1688316233,REQUEST,13,2
6,MSG,50,1688316233,REQUEST,14,2
6,MSG,51,1688316233,REQUEST,15,2
6,MSG,52,1688316233,REQUEST,16,2
6,CS_REQUESTED,53,1688316233,,,
8,MSG,54,1688316233,ACK,12,0
15,MSG,55,1688316233,REQUEST,1,2
15,MSG,56,1688316233,REQUEST,2,2
15,MSG,57,1688316233,REQUEST,3,2
15,MSG,58,1688316233,REQUEST,4,2
15,MSG,59,1688316233,REQUEST,5,2
15,MSG,60,1688316233,REQUEST,6,2
15,MSG,61,1688316233,REQUEST,7,2
15,MSG,62,1688316233,REQUEST,8,2
15,MSG,63,1688316233,REQUEST,9,2
15,MSG,64,1688316233,REQUEST,10,2
15,MSG,65,1688316233,REQUEST,11,2
15,MSG,66,1688316233,REQUEST,12,2
15,MSG,67,1688316233,REQUEST,13,2
15,MSG,68,1688316233,REQUEST,14,2
15,MSG,69,1688316233,REQUEST,16,2
15,CS_REQUESTED,70,1688316233,,,
4,MSG,71,1688316233,ACK,12,0
1,MSG,72,1688316233,ACK,12,0
14,MSG,73,1688316233,ACK,12,0
13,MSG,74,1688316233,ACK,12,0
16,MSG,75,1688316233,ACK,12,0
10,MSG,76,1688316233,ACK,12,0
11,MSG,77,1688316233,ACK,9,0
7,MSG,78,1688316233,ACK,9,0
3,MSG,79,1688316233,ACK,9,0
2,MSG,80,1688316233,ACK,9,0
5,MSG,81,1688316234,ACK,9,0
8,MSG,82,1688316234,ACK,9,0
15,MSG,83,1688316234,ACK,12,0
4,MSG,84,1688316234,ACK,9,0
1,MSG,85,1688316234,ACK,9,0
14,MSG,86,1688316234,ACK,9,0
13,MSG,87,1688316234,ACK,9,0
16,MSG,88,1688316234,ACK,9,0
10,MSG,89,1688316234,ACK,9,0
11,MSG,90,1688316234,ACK,6,0
7,MSG,91,1688316234,ACK,6,0
3,MSG,92,1688316234,ACK,6,0
2,MSG,93,1688316235,ACK,6,0
5,MSG,94,1688316235,ACK,6,0
9,MSG,95,1688316235,ACK,6,0
15,MSG,96,1688316235,ACK,9,0
8,MSG,97,1688316235,ACK,6,0
4,MSG,98,1688316235,ACK,6,0
1,MSG,99,1688316235,ACK,6,0
14,MSG,100,1688316235,ACK,6,0
13,MSG,101,1688316235,ACK,6,0
16,MSG,102,1688316235,ACK,6,0
10,MSG,103,1688316235,ACK,6,0
11,MSG,104,1688316235,ACK,15,0
7,MSG,105,1688316235,ACK,15,0
3,MSG,106,1688316235,ACK,15,0
2,MSG,107,1688316236,ACK,15,0
5,MSG,108,1688316236,ACK,15,0
8,MSG,109,1688316236,ACK,15,0
15,MSG,110,1688316236,ACK,6,0
4,MSG,111,1688316236,ACK,15,0
1,MSG,112,1688316236,ACK,15,0
14,MSG,113,1688316236,ACK,15,0
13,MSG,114,1688316236,ACK,15,0
16,MSG,115,1688316236,ACK,15,0
10,MSG,116,1688316236,ACK,15,0
12,MSG,117,1688316238,ACK,9,0
12,MSG,118,1688316239,ACK,6,0
6,CS_ACCESS,119,1688316252,,,
6,MSG,120,1688316255,ACK,12,2
6,MSG,121,1688316255,ACK,9,2
6,MSG,122,1688316255,ACK,15,2
6,CS_LEAVE,123,1688316255,,,
9,CS_ACCESS,124,1688316257,,,
9,MSG,125,1688316260,ACK,12,2
9,MSG,126,1688316260,ACK,15,2
9,CS_LEAVE,127,1688316260,,,
12,CS_ACCESS,128,1688316261,,,
12,MSG,129,1688316264,ACK,15,2
12,CS_LEAVE,130,1688316264,,,
15,CS_ACCESS,131,1688316266,,,
4,PROC_STOPPED,132,1688316266,,,
1,PROC_STOPPED,133,1688316266,,,
14,PROC_STOPPED,134,1688316266,,,
13,PROC_STOPPED,135,1688316266,,,
16,PROC_STOPPED,136,1688316266,,,
10,PROC_STOPPED,137,1688316266,,,
12,PROC_STOPPED,138,1688316266,,,
11,PROC_STOPPED,139,1688316266,,,
7,PROC_STOPPED,140,1688316266,,,
3,PROC_STOPPED,141,1688316267,,,
2,PROC_STOPPED,142,1688316267,,,
5,PROC_STOPPED,143,1688316267,,,
9,PROC_STOPPED,144,1688316267,,,
6,PROC_STOPPED,145,1688316267,,,
8,PROC_STOPPED,146,1688316267,,,
15,PROC_STOPPED,147,1688316267,,,
,END,148,1688316267,2023-07-02 16:44:27,False
