procID,event_type,logical_clock,real_clock,msg,msg_receiver,msg_ts
,START,0,1688316327,2023-07-02 16:45:27,False
16,MSG,1,1688316328,REQUEST,1,2
16,MSG,2,1688316328,REQUEST,2,2
16,MSG,3,1688316328,REQUEST,3,2
16,MSG,4,1688316328,REQUEST,4,2
16,MSG,5,1688316328,REQUEST,5,2
16,MSG,6,1688316328,REQUEST,6,2
16,MSG,7,1688316328,REQUEST,7,2
16,MSG,8,1688316328,REQUEST,8,2
16,MSG,9,1688316328,REQUEST,9,2
16,MSG,10,1688316328,REQUEST,10,2
16,MSG,11,1688316328,REQUEST,11,2
16,MSG,12,1688316328,REQUEST,12,2
16,MSG,13,1688316328,REQUEST,13,2
16,MSG,14,1688316328,REQUEST,14,2
16,MSG,15,1688316328,REQUEST,15,2
16,MSG,16,1688316328,REQUEST,17,2
16,MSG,17,1688316328,REQUEST,18,2
16,MSG,18,1688316328,REQUEST,19,2
16,MSG,19,1688316328,REQUEST,20,2
16,MSG,20,1688316328,REQUEST,21,2
16,MSG,21,1688316328,REQUEST,22,2
16,MSG,22,1688316328,REQUEST,23,2
16,MSG,23,1688316328,REQUEST,24,2
16,MSG,24,1688316328,REQUEST,25,2
16,MSG,25,1688316328,REQUEST,26,2
16,MSG,26,1688316328,REQUEST,27,2
16,MSG,27,1688316328,REQUEST,28,2
16,MSG,28,1688316328,REQUEST,29,2
16,MSG,29,1688316328,REQUEST,30,2
16,MSG,30,1688316328,REQUEST,31,2
16,MSG,31,1688316328,REQUEST,32,2
16,MSG,32,1688316328,REQUEST,33,2
16,MSG,33,1688316328,REQUEST,34,2
16,MSG,34,1688316328,REQUEST,35,2
16,MSG,35,1688316328,REQUEST,36,2
16,CS_REQUESTED,36,1688316328,,,
26,MSG,37,1688316328,ACK,16,0
6,MSG,38,1688316328,REQUEST,1,2
3,MSG,39,1688316328,ACK,16,0
6,MSG,40,1688316328,REQUEST,2,2
6,MSG,41,1688316328,REQUEST,3,2
6,MSG,42,1688316328,REQUEST,4,2
6,MSG,43,1688316328,REQUEST,5,2
6,MSG,44,1688316328,REQUEST,7,2
6,MSG,45,1688316328,REQUEST,8,2
6,MSG,46,1688316328,REQUEST,9,2
6,MSG,47,1688316328,REQUEST,10,2
6,MSG,48,1688316328,REQUEST,11,2
6,MSG,49,1688316328,REQUEST,12,2
6,MSG,50,1688316328,REQUEST,13,2
6,MSG,51,1688316328,REQUEST,14,2
6,MSG,52,1688316328,REQUEST,15,2
6,MSG,53,1688316328,REQUEST,16,2
6,MSG,54,1688316328,REQUEST,17,2
6,MSG,55,1688316328,REQUEST,18,2
6,MSG,56,1688316328,REQUEST,19,2
6,MSG,57,1688316328,REQUEST,20,2
6,MSG,58,1688316328,REQUEST,21,2
6,MSG,59,1688316328,REQUEST,22,2
6,MSG,60,1688316328,REQUEST,23,2
6,MSG,61,1688316328,REQUEST,24,2
6,MSG,62,1688316328,REQUEST,25,2
6,MSG,63,1688316328,REQUEST,26,2
6,MSG,64,1688316328,REQUEST,27,2
6,MSG,65,1688316328,REQUEST,28,2
6,MSG,66,1688316328,REQUEST,29,2
6,MSG,67,1688316328,REQUEST,30,2
6,MSG,68,1688316328,REQUEST,31,2
6,MSG,69,1688316328,REQUEST,32,2
6,MSG,70,1688316328,REQUEST,33,2
6,MSG,71,1688316328,REQUEST,34,2
6,MSG,72,1688316328,REQUEST,35,2
6,MSG,73,1688316328,REQUEST,36,2
6,CS_REQUESTED,74,1688316328,,,
14,MSG,75,1688316328,REQUEST,1,2
14,MSG,76,1688316328,REQUEST,2,2
14,MSG,77,1688316328,REQUEST,3,2
14,MSG,78,1688316328,REQUEST,4,2
14,MSG,79,1688316328,REQUEST,5,2
14,MSG,80,1688316328,REQUEST,6,2
14,MSG,81,1688316328,REQUEST,7,2
14,MSG,82,1688316328,REQUEST,8,2
14,MSG,83,1688316328,REQUEST,9,2
14,MSG,84,1688316328,REQUEST,10,2
14,MSG,85,1688316328,REQUEST,11,2
14,MSG,86,1688316328,REQUEST,12,2
14,MSG,87,1688316328,REQUEST,13,2
14,MSG,88,1688316328,REQUEST,15,2
14,MSG,89,1688316328,REQUEST,16,2
14,MSG,90,1688316328,REQUEST,17,2
14,MSG,91,1688316328,REQUEST,18,2
14,MSG,92,1688316328,REQUEST,19,2
14,MSG,93,1688316328,REQUEST,20,2
14,MSG,94,1688316328,REQUEST,21,2
14,MSG,95,1688316328,REQUEST,22,2
14,MSG,96,1688316328,REQUEST,23,2
14,MSG,97,1688316328,REQUEST,24,2
14,MSG,98,1688316328,REQUEST,25,2
14,MSG,99,1688316328,REQUEST,26,2
14,MSG,100,1688316328,REQUEST,27,2
14,MSG,101,1688316328,REQUEST,28,2
14,MSG,102,1688316328,REQUEST,29,2
14,MSG,103,1688316328,REQUEST,30,2
14,MSG,104,1688316328,REQUEST,31,2
14,MSG,105,1688316328,REQUEST,32,2
14,MSG,106,1688316328,REQUEST,33,2
14,MSG,107,1688316328,REQUEST,34,2
14,MSG,108,1688316328,REQUEST,35,2
14,MSG,109,1688316328,REQUEST,36,2
14,CS_REQUESTED,110,1688316328,,,
13,MSG,111,1688316328,ACK,16,0
11,MSG,112,1688316328,REQUEST,1,2
11,MSG,113,1688316328,REQUEST,2,2
11,MSG,114,1688316328,REQUEST,3,2
11,MSG,115,1688316328,REQUEST,4,2
11,MSG,116,1688316328,REQUEST,5,2
11,MSG,117,1688316328,REQUEST,6,2
11,MSG,118,1688316328,REQUEST,7,2
11,MSG,119,1688316328,REQUEST,8,2
11,MSG,120,1688316328,REQUEST,9,2
11,MSG,121,1688316328,REQUEST,10,2
11,MSG,122,1688316328,REQUEST,12,2
11,MSG,123,1688316328,REQUEST,13,2
11,MSG,124,1688316328,REQUEST,14,2
11,MSG,125,1688316328,REQUEST,15,2
11,MSG,126,1688316328,REQUEST,16,2
11,MSG,127,1688316328,REQUEST,17,2
11,MSG,128,1688316328,REQUEST,18,2
11,MSG,129,1688316328,REQUEST,19,2
11,MSG,130,1688316328,REQUEST,20,2
11,MSG,131,1688316328,REQUEST,21,2
11,MSG,132,1688316328,REQUEST,22,2
11,MSG,133,1688316328,REQUEST,23,2
11,MSG,134,1688316328,REQUEST,24,2
11,MSG,135,1688316328,REQUEST,25,2
11,MSG,136,1688316328,REQUEST,26,2
11,MSG,137,1688316328,REQUEST,27,2
11,MSG,138,1688316328,REQUEST,28,2
11,MSG,139,1688316328,REQUEST,29,2
11,MSG,140,1688316328,REQUEST,30,2
11,MSG,141,1688316328,REQUEST,31,2
11,MSG,142,1688316328,REQUEST,32,2
11,MSG,143,1688316328,REQUEST,33,2
11,MSG,144,1688316328,REQUEST,34,2
11,MSG,145,1688316328,REQUEST,35,2
11,MSG,146,1688316328,REQUEST,36,2
11,CS_REQUESTED,147,1688316328,,,
25,MSG,148,1688316328,REQUEST,1,2
25,MSG,149,1688316328,REQUEST,2,2
25,MSG,150,1688316328,REQUEST,3,2
25,MSG,151,1688316328,REQUEST,4,2
25,MSG,152,1688316328,REQUEST,5,2
25,MSG,153,1688316328,REQUEST,6,2
25,MSG,154,1688316328,REQUEST,7,2
25,MSG,155,1688316328,REQUEST,8,2
25,MSG,156,1688316328,REQUEST,9,2
25,MSG,157,1688316328,REQUEST,10,2
25,MSG,158,1688316328,REQUEST,11,2
25,MSG,159,1688316328,REQUEST,12,2
25,MSG,160,1688316328,REQUEST,13,2
25,MSG,161,1688316328,REQUEST,14,2
25,MSG,162,1688316328,REQUEST,15,2
25,MSG,163,1688316328,REQUEST,16,2
25,MSG,164,1688316328,REQUEST,17,2
25,MSG,165,1688316328,REQUEST,18,2
25,MSG,166,1688316328,REQUEST,19,2
25,MSG,167,1688316328,REQUEST,20,2
25,MSG,168,1688316328,REQUEST,21,2
25,MSG,169,1688316328,REQUEST,22,2
25,MSG,170,1688316328,REQUEST,23,2
25,MSG,171,1688316328,REQUEST,24,2
25,MSG,172,1688316328,REQUEST,26,2
25,MSG,173,1688316328,REQUEST,27,2
25,MSG,174,1688316328,REQUEST,28,2
25,MSG,175,1688316328,REQUEST,29,2
25,MSG,176,1688316328,REQUEST,30,2
25,MSG,177,1688316328,REQUEST,31,2
25,MSG,178,1688316328,REQUEST,32,2
25,MSG,179,1688316328,REQUEST,33,2
25,MSG,180,1688316328,REQUEST,34,2
25,MSG,181,1688316328,REQUEST,35,2
25,MSG,182,1688316328,REQUEST,36,2
25,CS_REQUESTED,183,1688316328,,,
1,MSG,184,1688316328,ACK,16,0
34,MSG,185,1688316328,ACK,16,0
24,MSG,186,1688316328,REQUEST,1,2
24,MSG,187,1688316328,REQUEST,2,2
24,MSG,188,1688316328,REQUEST,3,2
24,MSG,189,1688316328,REQUEST,4,2
24,MSG,190,1688316328,REQUEST,5,2
24,MSG,191,1688316328,REQUEST,6,2
24,MSG,192,1688316328,REQUEST,7,2
24,MSG,193,1688316328,REQUEST,8,2
24,MSG,194,1688316328,REQUEST,9,2
24,MSG,195,1688316328,REQUEST,10,2
24,MSG,196,1688316328,REQUEST,11,2
24,MSG,197,1688316328,REQUEST,12,2
24,MSG,198,1688316328,REQUEST,13,2
24,MSG,199,1688316328,REQUEST,14,2
24,MSG,200,1688316328,REQUEST,15,2
24,MSG,201,1688316328,REQUEST,16,2
24,MSG,202,1688316328,REQUEST,17,2
24,MSG,203,1688316328,REQUEST,18,2
24,MSG,204,1688316328,REQUEST,19,2
24,MSG,205,1688316328,REQUEST,20,2
24,MSG,206,1688316328,REQUEST,21,2
24,MSG,207,1688316328,REQUEST,22,2
24,MSG,208,1688316328,REQUEST,23,2
24,MSG,209,1688316328,REQUEST,25,2
24,MSG,210,1688316328,REQUEST,26,2
24,MSG,211,1688316328,REQUEST,27,2
24,MSG,212,1688316328,REQUEST,28,2
24,MSG,213,1688316328,REQUEST,29,2
24,MSG,214,1688316328,REQUEST,30,2
24,MSG,215,1688316328,REQUEST,31,2
24,MSG,216,1688316328,REQUEST,32,2
24,MSG,217,1688316328,REQUEST,33,2
24,MSG,218,1688316328,REQUEST,34,2
24,MSG,219,1688316328,REQUEST,35,2
24,MSG,220,1688316328,REQUEST,36,2
24,CS_REQUESTED,221,1688316328,,,
5,MSG,222,1688316328,ACK,16,0
10,MSG,223,1688316328,REQUEST,1,2
10,MSG,224,1688316328,REQUEST,2,2
10,MSG,225,1688316328,REQUEST,3,2
10,MSG,226,1688316328,REQUEST,4,2
10,MSG,227,1688316328,REQUEST,5,2
10,MSG,228,1688316328,REQUEST,6,2
10,MSG,229,1688316328,REQUEST,7,2
10,MSG,230,1688316328,REQUEST,8,2
10,MSG,231,1688316328,REQUEST,9,2
10,MSG,232,1688316328,REQUEST,11,2
10,MSG,233,1688316328,REQUEST,12,2
10,MSG,234,1688316328,REQUEST,13,2
10,MSG,235,1688316328,REQUEST,14,2
10,MSG,236,1688316328,REQUEST,15,2
10,MSG,237,1688316328,REQUEST,16,2
10,MSG,238,1688316328,REQUEST,17,2
10,MSG,239,1688316328,REQUEST,18,2
10,MSG,240,1688316328,REQUEST,19,2
10,MSG,241,1688316328,REQUEST,20,2
10,MSG,242,1688316328,REQUEST,21,2
10,MSG,243,1688316328,REQUEST,22,2
10,MSG,244,1688316328,REQUEST,23,2
10,MSG,245,1688316328,REQUEST,24,2
10,MSG,246,1688316328,REQUEST,25,2
10,MSG,247,1688316328,REQUEST,26,2
10,MSG,248,1688316328,REQUEST,27,2
10,MSG,249,1688316328,REQUEST,28,2
10,MSG,250,1688316328,REQUEST,29,2
10,MSG,251,1688316328,REQUEST,30,2
10,MSG,252,1688316328,REQUEST,31,2
10,MSG,253,1688316328,REQUEST,32,2
10,MSG,254,1688316328,REQUEST,33,2
10,MSG,255,1688316328,REQUEST,34,2
10,MSG,256,1688316328,REQUEST,35,2
10,MSG,257,1688316328,REQUEST,36,2
10,CS_REQUESTED,258,1688316328,,,
35,MSG,259,1688316328,ACK,16,0
21,MSG,260,1688316328,REQUEST,1,2
21,MSG,261,1688316328,REQUEST,2,2
21,MSG,262,1688316328,REQUEST,3,2
21,MSG,263,1688316328,REQUEST,4,2
21,MSG,264,1688316328,REQUEST,5,2
21,MSG,265,1688316328,REQUEST,6,2
21,MSG,266,1688316328,REQUEST,7,2
21,MSG,267,1688316328,REQUEST,8,2
21,MSG,268,1688316328,REQUEST,9,2
21,MSG,269,1688316328,REQUEST,10,2
21,MSG,270,1688316328,REQUEST,11,2
21,MSG,271,1688316328,REQUEST,12,2
21,MSG,272,1688316328,REQUEST,13,2
21,MSG,273,1688316328,REQUEST,14,2
21,MSG,274,1688316328,REQUEST,15,2
21,MSG,275,1688316328,REQUEST,16,2
21,MSG,276,1688316328,REQUEST,17,2
21,MSG,277,1688316328,REQUEST,18,2
21,MSG,278,1688316328,REQUEST,19,2
21,MSG,279,1688316328,REQUEST,20,2
21,MSG,280,1688316328,REQUEST,22,2
21,MSG,281,1688316328,REQUEST,23,2
21,MSG,282,1688316328,REQUEST,24,2
21,MSG,283,1688316328,REQUEST,25,2
21,MSG,284,1688316328,REQUEST,26,2
21,MSG,285,1688316328,REQUEST,27,2
21,MSG,286,1688316328,REQUEST,28,2
21,MSG,287,1688316328,REQUEST,29,2
21,MSG,288,1688316328,REQUEST,30,2
21,MSG,289,1688316328,REQUEST,31,2
21,MSG,290,1688316328,REQUEST,32,2
21,MSG,291,1688316328,REQUEST,33,2
21,MSG,292,1688316328,REQUEST,34,2
21,MSG,293,1688316328,REQUEST,35,2
21,MSG,294,1688316328,REQUEST,36,2
21,CS_REQUESTED,295,1688316328,,,
2,MSG,296,1688316328,ACK,16,0
28,MSG,297,1688316328,REQUEST,1,2
28,MSG,298,1688316328,REQUEST,2,2
28,MSG,299,1688316328,REQUEST,3,2
28,MSG,300,1688316328,REQUEST,4,2
28,MSG,301,1688316328,REQUEST,5,2
28,MSG,302,1688316328,REQUEST,6,2
28,MSG,303,1688316328,REQUEST,7,2
28,MSG,304,1688316328,REQUEST,8,2
28,MSG,305,1688316328,REQUEST,9,2
28,MSG,306,1688316328,REQUEST,10,2
28,MSG,307,1688316328,REQUEST,11,2
28,MSG,308,1688316328,REQUEST,12,2
28,MSG,309,1688316328,REQUEST,13,2
28,MSG,310,1688316328,REQUEST,14,2
28,MSG,311,1688316328,REQUEST,15,2
28,MSG,312,1688316328,REQUEST,16,2
28,MSG,313,1688316328,REQUEST,17,2
28,MSG,314,1688316328,REQUEST,18,2
28,MSG,315,1688316328,REQUEST,19,2
28,MSG,316,1688316328,REQUEST,20,2
28,MSG,317,1688316328,REQUEST,21,2
28,MSG,318,1688316328,REQUEST,22,2
28,MSG,319,1688316328,REQUEST,23,2
28,MSG,320,1688316328,REQUEST,24,2
28,MSG,321,1688316328,REQUEST,25,2
28,MSG,322,1688316328,REQUEST,26,2
28,MSG,323,1688316328,REQUEST,27,2
28,MSG,324,1688316328,REQUEST,29,2
28,MSG,325,1688316328,REQUEST,30,2
28,MSG,326,1688316328,REQUEST,31,2
28,MSG,327,1688316328,REQUEST,32,2
28,MSG,328,1688316328,REQUEST,33,2
28,MSG,329,1688316328,REQUEST,34,2
28,MSG,330,1688316328,REQUEST,35,2
28,MSG,331,1688316328,REQUEST,36,2
28,CS_REQUESTED,332,1688316328,,,
15,MSG,333,1688316328,ACK,16,0
27,MSG,334,1688316328,REQUEST,1,2
27,MSG,335,1688316328,REQUEST,2,2
27,MSG,336,1688316328,REQUEST,3,2
27,MSG,337,1688316328,REQUEST,4,2
27,MSG,338,1688316328,REQUEST,5,2
27,MSG,339,1688316328,REQUEST,6,2
27,MSG,340,1688316328,REQUEST,7,2
27,MSG,341,1688316328,REQUEST,8,2
27,MSG,342,1688316328,REQUEST,9,2
27,MSG,343,1688316328,REQUEST,10,2
27,MSG,344,1688316328,REQUEST,11,2
27,MSG,345,1688316328,REQUEST,12,2
27,MSG,346,1688316328,REQUEST,13,2
27,MSG,347,1688316328,REQUEST,14,2
27,MSG,348,1688316328,REQUEST,15,2
27,MSG,349,1688316328,REQUEST,16,2
27,MSG,350,1688316328,REQUEST,17,2
27,MSG,351,1688316328,REQUEST,18,2
27,MSG,352,1688316328,REQUEST,19,2
27,MSG,353,1688316328,REQUEST,20,2
27,MSG,354,1688316328,REQUEST,21,2
27,MSG,355,1688316328,REQUEST,22,2
27,MSG,356,1688316328,REQUEST,23,2
27,MSG,357,1688316328,REQUEST,24,2
27,MSG,358,1688316328,REQUEST,25,2
27,MSG,359,1688316328,REQUEST,26,2
27,MSG,360,1688316328,REQUEST,28,2
27,MSG,361,1688316328,REQUEST,29,2
27,MSG,362,1688316328,REQUEST,30,2
27,MSG,363,1688316328,REQUEST,31,2
27,MSG,364,1688316328,REQUEST,32,2
27,MSG,365,1688316328,REQUEST,33,2
27,MSG,366,1688316328,REQUEST,34,2
27,MSG,367,1688316328,REQUEST,35,2
27,MSG,368,1688316328,REQUEST,36,2
27,CS_REQUESTED,369,1688316328,,,
8,MSG,370,1688316328,REQUEST,1,2
7,MSG,371,1688316328,ACK,16,0
29,MSG,372,1688316328,REQUEST,1,2
29,MSG,373,1688316328,REQUEST,2,2
29,MSG,374,1688316328,REQUEST,3,2
29,MSG,375,1688316328,REQUEST,4,2
29,MSG,376,1688316328,REQUEST,5,2
29,MSG,377,1688316328,REQUEST,6,2
29,MSG,378,1688316328,REQUEST,7,2
29,MSG,379,1688316328,REQUEST,8,2
29,MSG,380,1688316328,REQUEST,9,2
29,MSG,381,1688316328,REQUEST,10,2
29,MSG,382,1688316328,REQUEST,11,2
29,MSG,383,1688316328,REQUEST,12,2
29,MSG,384,1688316328,REQUEST,13,2
29,MSG,385,1688316328,REQUEST,14,2
29,MSG,386,1688316328,REQUEST,15,2
29,MSG,387,1688316328,REQUEST,16,2
8,MSG,388,1688316328,REQUEST,2,2
8,MSG,389,1688316328,REQUEST,3,2
8,MSG,390,1688316328,REQUEST,4,2
8,MSG,391,1688316328,REQUEST,5,2
8,MSG,392,1688316328,REQUEST,6,2
8,MSG,393,1688316328,REQUEST,7,2
8,MSG,394,1688316328,REQUEST,9,2
8,MSG,395,1688316328,REQUEST,10,2
8,MSG,396,1688316328,REQUEST,11,2
8,MSG,397,1688316328,REQUEST,12,2
8,MSG,398,1688316328,REQUEST,13,2
8,MSG,399,1688316328,REQUEST,14,2
8,MSG,400,1688316328,REQUEST,15,2
8,MSG,401,1688316328,REQUEST,16,2
8,MSG,402,1688316328,REQUEST,17,2
29,MSG,403,1688316328,REQUEST,17,2
29,MSG,404,1688316328,REQUEST,18,2
8,MSG,405,1688316328,REQUEST,18,2
8,MSG,406,1688316328,REQUEST,19,2
8,MSG,407,1688316328,REQUEST,20,2
8,MSG,408,1688316328,REQUEST,21,2
8,MSG,409,1688316328,REQUEST,22,2
8,MSG,410,1688316328,REQUEST,23,2
8,MSG,411,1688316328,REQUEST,24,2
8,MSG,412,1688316328,REQUEST,25,2
8,MSG,413,1688316328,REQUEST,26,2
8,MSG,414,1688316328,REQUEST,27,2
8,MSG,415,1688316328,REQUEST,28,2
8,MSG,416,1688316328,REQUEST,29,2
8,MSG,417,1688316328,REQUEST,30,2
8,MSG,418,1688316328,REQUEST,31,2
8,MSG,419,1688316328,REQUEST,32,2
8,MSG,420,1688316328,REQUEST,33,2
8,MSG,421,1688316328,REQUEST,34,2
8,MSG,422,1688316328,REQUEST,35,2
8,MSG,423,1688316328,REQUEST,36,2
29,MSG,424,1688316328,REQUEST,19,2
29,MSG,425,1688316328,REQUEST,20,2
29,MSG,426,1688316328,REQUEST,21,2
29,MSG,427,1688316328,REQUEST,22,2
29,MSG,428,1688316328,REQUEST,23,2
29,MSG,429,1688316328,REQUEST,24,2
29,MSG,430,1688316328,REQUEST,25,2
29,MSG,431,1688316328,REQUEST,26,2
29,MSG,432,1688316328,REQUEST,27,2
29,MSG,433,1688316328,REQUEST,28,2
29,MSG,434,1688316328,REQUEST,30,2
29,MSG,435,1688316328,REQUEST,31,2
29,MSG,436,1688316328,REQUEST,32,2
29,MSG,437,1688316328,REQUEST,33,2
29,MSG,438,1688316328,REQUEST,34,2
29,MSG,439,1688316328,REQUEST,35,2
29,MSG,440,1688316328,REQUEST,36,2
8,CS_REQUESTED,441,1688316328,,,
29,CS_REQUESTED,442,1688316328,,,
17,MSG,443,1688316328,ACK,16,0
31,MSG,444,1688316328,REQUEST,1,2
31,MSG,445,1688316328,REQUEST,2,2
31,MSG,446,1688316328,REQUEST,3,2
31,MSG,447,1688316328,REQUEST,4,2
31,MSG,448,1688316328,REQUEST,5,2
31,MSG,449,1688316328,REQUEST,6,2
31,MSG,450,1688316328,REQUEST,7,2
31,MSG,451,1688316328,REQUEST,8,2
31,MSG,452,1688316328,REQUEST,9,2
31,MSG,453,1688316328,REQUEST,10,2
31,MSG,454,1688316328,REQUEST,11,2
31,MSG,455,1688316328,REQUEST,12,2
31,MSG,456,1688316328,REQUEST,13,2
31,MSG,457,1688316328,REQUEST,14,2
31,MSG,458,1688316328,REQUEST,15,2
31,MSG,459,1688316328,REQUEST,16,2
31,MSG,460,1688316328,REQUEST,17,2
31,MSG,461,1688316328,REQUEST,18,2
31,MSG,462,1688316328,REQUEST,19,2
31,MSG,463,1688316328,REQUEST,20,2
31,MSG,464,1688316328,REQUEST,21,2
31,MSG,465,1688316328,REQUEST,22,2
31,MSG,466,1688316328,REQUEST,23,2
31,MSG,467,1688316328,REQUEST,24,2
31,MSG,468,1688316328,REQUEST,25,2
31,MSG,469,1688316328,REQUEST,26,2
31,MSG,470,1688316328,REQUEST,27,2
31,MSG,471,1688316328,REQUEST,28,2
31,MSG,472,1688316328,REQUEST,29,2
31,MSG,473,1688316328,REQUEST,30,2
31,MSG,474,1688316328,REQUEST,32,2
31,MSG,475,1688316328,REQUEST,33,2
31,MSG,476,1688316328,REQUEST,34,2
31,MSG,477,1688316328,REQUEST,35,2
31,MSG,478,1688316328,REQUEST,36,2
31,CS_REQUESTED,479,1688316328,,,
19,MSG,480,1688316328,REQUEST,1,2
19,MSG,481,1688316328,REQUEST,2,2
19,MSG,482,1688316328,REQUEST,3,2
19,MSG,483,1688316328,REQUEST,4,2
19,MSG,484,1688316328,REQUEST,5,2
19,MSG,485,1688316328,REQUEST,6,2
19,MSG,486,1688316328,REQUEST,7,2
19,MSG,487,1688316328,REQUEST,8,2
19,MSG,488,1688316328,REQUEST,9,2
19,MSG,489,1688316328,REQUEST,10,2
19,MSG,490,1688316328,REQUEST,11,2
19,MSG,491,1688316328,REQUEST,12,2
19,MSG,492,1688316328,REQUEST,13,2
19,MSG,493,1688316328,REQUEST,14,2
19,MSG,494,1688316328,REQUEST,15,2
19,MSG,495,1688316328,REQUEST,16,2
19,MSG,496,1688316328,REQUEST,17,2
19,MSG,497,1688316328,REQUEST,18,2
19,MSG,498,1688316328,REQUEST,20,2
19,MSG,499,1688316328,REQUEST,21,2
19,MSG,500,1688316328,REQUEST,22,2
19,MSG,501,1688316328,REQUEST,23,2
19,MSG,502,1688316328,REQUEST,24,2
19,MSG,503,1688316328,REQUEST,25,2
19,MSG,504,1688316328,REQUEST,26,2
19,MSG,505,1688316328,REQUEST,27,2
19,MSG,506,1688316328,REQUEST,28,2
19,MSG,507,1688316328,REQUEST,29,2
19,MSG,508,1688316328,REQUEST,30,2
19,MSG,509,1688316328,REQUEST,31,2
19,MSG,510,1688316328,REQUEST,32,2
19,MSG,511,1688316328,REQUEST,33,2
19,MSG,512,1688316328,REQUEST,34,2
19,MSG,513,1688316328,REQUEST,35,2
19,MSG,514,1688316328,REQUEST,36,2
19,CS_REQUESTED,515,1688316328,,,
20,MSG,516,1688316328,ACK,16,0
36,MSG,517,1688316328,ACK,16,0
12,MSG,518,1688316328,REQUEST,1,2
12,MSG,519,1688316328,REQUEST,2,2
12,MSG,520,1688316328,REQUEST,3,2
12,MSG,521,1688316328,REQUEST,4,2
12,MSG,522,1688316328,REQUEST,5,2
12,MSG,523,1688316328,REQUEST,6,2
12,MSG,524,1688316328,REQUEST,7,2
12,MSG,525,1688316328,REQUEST,8,2
12,MSG,526,1688316328,REQUEST,9,2
12,MSG,527,1688316328,REQUEST,10,2
12,MSG,528,1688316328,REQUEST,11,2
12,MSG,529,1688316328,REQUEST,13,2
12,MSG,530,1688316328,REQUEST,14,2
12,MSG,531,1688316328,REQUEST,15,2
12,MSG,532,1688316328,REQUEST,16,2
12,MSG,533,1688316328,REQUEST,17,2
12,MSG,534,1688316328,REQUEST,18,2
12,MSG,535,1688316328,REQUEST,19,2
12,MSG,536,1688316328,REQUEST,20,2
12,MSG,537,1688316328,REQUEST,21,2
12,MSG,538,1688316328,REQUEST,22,2
12,MSG,539,1688316328,REQUEST,23,2
12,MSG,540,1688316328,REQUEST,24,2
12,MSG,541,1688316328,REQUEST,25,2
12,MSG,542,1688316328,REQUEST,26,2
12,MSG,543,1688316328,REQUEST,27,2
12,MSG,544,1688316328,REQUEST,28,2
12,MSG,545,1688316328,REQUEST,29,2
12,MSG,546,1688316328,REQUEST,30,2
12,MSG,547,1688316328,REQUEST,31,2
12,MSG,548,1688316328,REQUEST,32,2
12,MSG,549,1688316328,REQUEST,33,2
12,MSG,550,1688316328,REQUEST,34,2
12,MSG,551,1688316328,REQUEST,35,2
12,MSG,552,1688316328,REQUEST,36,2
12,CS_REQUESTED,553,1688316328,,,
22,MSG,554,1688316328,ACK,16,0
32,MSG,555,1688316328,ACK,16,0
4,MSG,556,1688316328,REQUEST,1,2
4,MSG,557,1688316328,REQUEST,2,2
4,MSG,558,1688316328,REQUEST,3,2
4,MSG,559,1688316328,REQUEST,5,2
4,MSG,560,1688316328,REQUEST,6,2
4,MSG,561,1688316328,REQUEST,7,2
4,MSG,562,1688316328,REQUEST,8,2
4,MSG,563,1688316328,REQUEST,9,2
4,MSG,564,1688316328,REQUEST,10,2
4,MSG,565,1688316328,REQUEST,11,2
4,MSG,566,1688316328,REQUEST,12,2
4,MSG,567,1688316328,REQUEST,13,2
4,MSG,568,1688316328,REQUEST,14,2
4,MSG,569,1688316328,REQUEST,15,2
4,MSG,570,1688316328,REQUEST,16,2
4,MSG,571,1688316328,REQUEST,17,2
4,MSG,572,1688316328,REQUEST,18,2
4,MSG,573,1688316328,REQUEST,19,2
4,MSG,574,1688316328,REQUEST,20,2
4,MSG,575,1688316328,REQUEST,21,2
4,MSG,576,1688316328,REQUEST,22,2
4,MSG,577,1688316328,REQUEST,23,2
4,MSG,578,1688316328,REQUEST,24,2
4,MSG,579,1688316328,REQUEST,25,2
4,MSG,580,1688316328,REQUEST,26,2
4,MSG,581,1688316328,REQUEST,27,2
4,MSG,582,1688316328,REQUEST,28,2
4,MSG,583,1688316328,REQUEST,29,2
4,MSG,584,1688316328,REQUEST,30,2
4,MSG,585,1688316328,REQUEST,31,2
4,MSG,586,1688316328,REQUEST,32,2
4,MSG,587,1688316328,REQUEST,33,2
4,MSG,588,1688316328,REQUEST,34,2
4,MSG,589,1688316328,REQUEST,35,2
4,MSG,590,1688316328,REQUEST,36,2
4,CS_REQUESTED,591,1688316328,,,
9,MSG,592,1688316328,ACK,16,0
30,MSG,593,1688316328,REQUEST,1,2
33,MSG,594,1688316328,REQUEST,1,2
18,MSG,595,1688316328,ACK,16,0
23,MSG,596,1688316328,ACK,16,0
33,MSG,597,1688316328,REQUEST,2,2
33,MSG,598,1688316328,REQUEST,3,2
33,MSG,599,1688316328,REQUEST,4,2
33,MSG,600,1688316328,REQUEST,5,2
33,MSG,601,1688316328,REQUEST,6,2
33,MSG,602,1688316328,REQUEST,7,2
33,MSG,603,1688316328,REQUEST,8,2
33,MSG,604,1688316328,REQUEST,9,2
33,MSG,605,1688316328,REQUEST,10,2
33,MSG,606,1688316328,REQUEST,11,2
33,MSG,607,1688316328,REQUEST,12,2
33,MSG,608,1688316328,REQUEST,13,2
33,MSG,609,1688316328,REQUEST,14,2
33,MSG,610,1688316328,REQUEST,15,2
33,MSG,611,1688316328,REQUEST,16,2
33,MSG,612,1688316328,REQUEST,17,2
33,MSG,613,1688316328,REQUEST,18,2
33,MSG,614,1688316328,REQUEST,19,2
33,MSG,615,1688316328,REQUEST,20,2
33,MSG,616,1688316328,REQUEST,21,2
33,MSG,617,1688316328,REQUEST,22,2
33,MSG,618,1688316328,REQUEST,23,2
33,MSG,619,1688316328,REQUEST,24,2
33,MSG,620,1688316328,REQUEST,25,2
33,MSG,621,1688316328,REQUEST,26,2
33,MSG,622,1688316328,REQUEST,27,2
33,MSG,623,1688316328,REQUEST,28,2
33,MSG,624,1688316328,REQUEST,29,2
33,MSG,625,1688316328,REQUEST,30,2
33,MSG,626,1688316328,REQUEST,31,2
33,MSG,627,1688316328,REQUEST,32,2
33,MSG,628,1688316328,REQUEST,34,2
33,MSG,629,1688316328,REQUEST,35,2
33,MSG,630,1688316328,REQUEST,36,2
33,CS_REQUESTED,631,1688316328,,,
30,MSG,632,1688316328,REQUEST,2,2
30,MSG,633,1688316328,REQUEST,3,2
30,MSG,634,1688316328,REQUEST,4,2
30,MSG,635,1688316328,REQUEST,5,2
30,MSG,636,1688316328,REQUEST,6,2
30,MSG,637,1688316328,REQUEST,7,2
30,MSG,638,1688316328,REQUEST,8,2
30,MSG,639,1688316328,REQUEST,9,2
30,MSG,640,1688316328,REQUEST,10,2
30,MSG,641,1688316328,REQUEST,11,2
30,MSG,642,1688316328,REQUEST,12,2
30,MSG,643,1688316328,REQUEST,13,2
30,MSG,644,1688316328,REQUEST,14,2
30,MSG,645,1688316328,REQUEST,15,2
30,MSG,646,1688316328,REQUEST,16,2
30,MSG,647,1688316328,REQUEST,17,2
30,MSG,648,1688316328,REQUEST,18,2
30,MSG,649,1688316328,REQUEST,19,2
30,MSG,650,1688316328,REQUEST,20,2
30,MSG,651,1688316328,REQUEST,21,2
30,MSG,652,1688316328,REQUEST,22,2
30,MSG,653,1688316328,REQUEST,23,2
30,MSG,654,1688316328,REQUEST,24,2
30,MSG,655,1688316328,REQUEST,25,2
30,MSG,656,1688316328,REQUEST,26,2
30,MSG,657,1688316328,REQUEST,27,2
30,MSG,658,1688316328,REQUEST,28,2
30,MSG,659,1688316328,REQUEST,29,2
30,MSG,660,1688316328,REQUEST,31,2
30,MSG,661,1688316328,REQUEST,32,2
30,MSG,662,1688316328,REQUEST,33,2
30,MSG,663,1688316328,REQUEST,34,2
30,MSG,664,1688316328,REQUEST,35,2
30,MSG,665,1688316328,REQUEST,36,2
30,CS_REQUESTED,666,1688316328,,,
26,MSG,667,1688316329,ACK,6,0
3,MSG,668,1688316329,ACK,6,0
13,MSG,669,1688316329,ACK,6,0
25,MSG,670,1688316329,ACK,16,0
1,MSG,671,1688316329,ACK,6,0
34,MSG,672,1688316329,ACK,6,0
24,MSG,673,1688316329,ACK,16,0
5,MSG,674,1688316329,ACK,6,0
35,MSG,675,1688316329,ACK,6,0
21,MSG,676,1688316329,ACK,16,0
2,MSG,677,1688316329,ACK,6,0
28,MSG,678,1688316329,ACK,16,0
15,MSG,679,1688316329,ACK,6,0
27,MSG,680,1688316329,ACK,16,0
29,MSG,681,1688316329,ACK,16,0
7,MSG,682,1688316329,ACK,6,0
17,MSG,683,1688316329,ACK,6,0
31,MSG,684,1688316329,ACK,16,0
19,MSG,685,1688316329,ACK,16,0
20,MSG,686,1688316329,ACK,6,0
36,MSG,687,1688316329,ACK,6,0
22,MSG,688,1688316329,ACK,6,0
32,MSG,689,1688316329,ACK,6,0
9,MSG,690,1688316329,ACK,6,0
30,MSG,691,1688316329,ACK,16,0
33,MSG,692,1688316329,ACK,16,0
18,MSG,693,1688316329,ACK,6,0
23,MSG,694,1688316329,ACK,6,0
26,MSG,695,1688316330,ACK,14,0
3,MSG,696,1688316330,ACK,14,0
14,MSG,697,1688316330,ACK,6,0
13,MSG,698,1688316330,ACK,14,0
11,MSG,699,1688316330,ACK,6,0
25,MSG,700,1688316330,ACK,6,0
1,MSG,701,1688316330,ACK,14,0
34,MSG,702,1688316330,ACK,14,0
24,MSG,703,1688316330,ACK,6,0
5,MSG,704,1688316330,ACK,14,0
10,MSG,705,1688316330,ACK,6,0
35,MSG,706,1688316330,ACK,14,0
21,MSG,707,1688316330,ACK,6,0
2,MSG,708,1688316330,ACK,14,0
28,MSG,709,1688316330,ACK,6,0
15,MSG,710,1688316330,ACK,14,0
27,MSG,711,1688316330,ACK,6,0
8,MSG,712,1688316330,ACK,6,0
7,MSG,713,1688316330,ACK,14,0
29,MSG,714,1688316330,ACK,6,0
17,MSG,715,1688316330,ACK,14,0
31,MSG,716,1688316330,ACK,6,0
19,MSG,717,1688316330,ACK,6,0
20,MSG,718,1688316330,ACK,14,0
36,MSG,719,1688316330,ACK,14,0
12,MSG,720,1688316330,ACK,6,0
22,MSG,721,1688316330,ACK,14,0
32,MSG,722,1688316330,ACK,14,0
9,MSG,723,1688316330,ACK,14,0
30,MSG,724,1688316330,ACK,6,0
33,MSG,725,1688316330,ACK,6,0
18,MSG,726,1688316330,ACK,14,0
23,MSG,727,1688316330,ACK,14,0
16,MSG,728,1688316331,ACK,6,0
26,MSG,729,1688316331,ACK,11,0
3,MSG,730,1688316331,ACK,11,0
14,MSG,731,1688316331,ACK,11,0
13,MSG,732,1688316331,ACK,11,0
25,MSG,733,1688316331,ACK,14,0
1,MSG,734,1688316331,ACK,11,0
34,MSG,735,1688316331,ACK,11,0
24,MSG,736,1688316331,ACK,14,0
5,MSG,737,1688316331,ACK,11,0
35,MSG,738,1688316331,ACK,11,0
21,MSG,739,1688316331,ACK,14,0
2,MSG,740,1688316331,ACK,11,0
28,MSG,741,1688316331,ACK,14,0
15,MSG,742,1688316331,ACK,11,0
27,MSG,743,1688316331,ACK,14,0
29,MSG,744,1688316331,ACK,14,0
7,MSG,745,1688316331,ACK,11,0
17,MSG,746,1688316331,ACK,11,0
31,MSG,747,1688316331,ACK,14,0
19,MSG,748,1688316331,ACK,14,0
20,MSG,749,1688316331,ACK,11,0
36,MSG,750,1688316331,ACK,11,0
22,MSG,751,1688316331,ACK,11,0
32,MSG,752,1688316331,ACK,11,0
9,MSG,753,1688316331,ACK,11,0
30,MSG,754,1688316331,ACK,14,0
33,MSG,755,1688316331,ACK,14,0
18,MSG,756,1688316331,ACK,11,0
23,MSG,757,1688316331,ACK,11,0
16,MSG,758,1688316332,ACK,14,0
26,MSG,759,1688316332,ACK,25,0
3,MSG,760,1688316332,ACK,25,0
13,MSG,761,1688316332,ACK,25,0
25,MSG,762,1688316332,ACK,11,0
1,MSG,763,1688316332,ACK,25,0
34,MSG,764,1688316332,ACK,25,0
24,MSG,765,1688316332,ACK,11,0
5,MSG,766,1688316332,ACK,25,0
35,MSG,767,1688316332,ACK,25,0
21,MSG,768,1688316332,ACK,11,0
2,MSG,769,1688316332,ACK,25,0
28,MSG,770,1688316332,ACK,11,0
15,MSG,771,1688316332,ACK,25,0
27,MSG,772,1688316332,ACK,11,0
29,MSG,773,1688316332,ACK,11,0
7,MSG,774,1688316332,ACK,25,0
17,MSG,775,1688316332,ACK,25,0
31,MSG,776,1688316332,ACK,11,0
19,MSG,777,1688316332,ACK,11,0
20,MSG,778,1688316332,ACK,25,0
36,MSG,779,1688316332,ACK,25,0
12,MSG,780,1688316332,ACK,11,0
22,MSG,781,1688316332,ACK,25,0
32,MSG,782,1688316332,ACK,25,0
9,MSG,783,1688316332,ACK,25,0
30,MSG,784,1688316332,ACK,11,0
33,MSG,785,1688316332,ACK,11,0
18,MSG,786,1688316332,ACK,25,0
23,MSG,787,1688316332,ACK,25,0
26,MSG,788,1688316333,ACK,24,0
3,MSG,789,1688316333,ACK,24,0
13,MSG,790,1688316333,ACK,24,0
25,MSG,791,1688316333,ACK,24,0
1,MSG,792,1688316333,ACK,24,0
34,MSG,793,1688316333,ACK,24,0
5,MSG,794,1688316333,ACK,24,0
35,MSG,795,1688316333,ACK,24,0
2,MSG,796,1688316333,ACK,24,0
28,MSG,797,1688316333,ACK,25,0
15,MSG,798,1688316333,ACK,24,0
27,MSG,799,1688316333,ACK,25,0
29,MSG,800,1688316333,ACK,25,0
7,MSG,801,1688316333,ACK,24,0
17,MSG,802,1688316333,ACK,24,0
31,MSG,803,1688316333,ACK,25,0
20,MSG,804,1688316333,ACK,24,0
36,MSG,805,1688316333,ACK,24,0
22,MSG,806,1688316333,ACK,24,0
32,MSG,807,1688316333,ACK,24,0
9,MSG,808,1688316333,ACK,24,0
33,MSG,809,1688316333,ACK,25,0
30,MSG,810,1688316333,ACK,25,0
18,MSG,811,1688316333,ACK,24,0
23,MSG,812,1688316333,ACK,24,0
16,MSG,813,1688316334,ACK,11,0
26,MSG,814,1688316334,ACK,10,0
3,MSG,815,1688316334,ACK,10,0
14,MSG,816,1688316334,ACK,10,0
13,MSG,817,1688316334,ACK,10,0
11,MSG,818,1688316334,ACK,10,0
25,MSG,819,1688316334,ACK,10,0
1,MSG,820,1688316334,ACK,10,0
34,MSG,821,1688316334,ACK,10,0
24,MSG,822,1688316334,ACK,10,0
5,MSG,823,1688316334,ACK,10,0
35,MSG,824,1688316334,ACK,10,0
2,MSG,825,1688316334,ACK,10,0
28,MSG,826,1688316334,ACK,24,0
15,MSG,827,1688316334,ACK,10,0
27,MSG,828,1688316334,ACK,24,0
7,MSG,829,1688316334,ACK,10,0
29,MSG,830,1688316334,ACK,24,0
17,MSG,831,1688316334,ACK,10,0
31,MSG,832,1688316334,ACK,24,0
20,MSG,833,1688316334,ACK,10,0
36,MSG,834,1688316334,ACK,10,0
22,MSG,835,1688316334,ACK,10,0
32,MSG,836,1688316334,ACK,10,0
9,MSG,837,1688316334,ACK,10,0
30,MSG,838,1688316334,ACK,24,0
33,MSG,839,1688316334,ACK,24,0
18,MSG,840,1688316334,ACK,10,0
23,MSG,841,1688316334,ACK,10,0
26,MSG,842,1688316335,ACK,21,0
3,MSG,843,1688316335,ACK,21,0
13,MSG,844,1688316335,ACK,21,0
25,MSG,845,1688316335,ACK,21,0
1,MSG,846,1688316335,ACK,21,0
34,MSG,847,1688316335,ACK,21,0
24,MSG,848,1688316335,ACK,21,0
5,MSG,849,1688316335,ACK,21,0
35,MSG,850,1688316335,ACK,21,0
21,MSG,851,1688316335,ACK,10,0
2,MSG,852,1688316335,ACK,21,0
28,MSG,853,1688316335,ACK,10,0
15,MSG,854,1688316335,ACK,21,0
27,MSG,855,1688316335,ACK,10,0
7,MSG,856,1688316335,ACK,21,0
29,MSG,857,1688316335,ACK,10,0
17,MSG,858,1688316335,ACK,21,0
31,MSG,859,1688316335,ACK,10,0
19,MSG,860,1688316335,ACK,10,0
20,MSG,861,1688316335,ACK,21,0
36,MSG,862,1688316335,ACK,21,0
12,MSG,863,1688316335,ACK,10,0
22,MSG,864,1688316335,ACK,21,0
32,MSG,865,1688316335,ACK,21,0
9,MSG,866,1688316335,ACK,21,0
30,MSG,867,1688316335,ACK,10,0
33,MSG,868,1688316335,ACK,10,0
18,MSG,869,1688316335,ACK,21,0
23,MSG,870,1688316335,ACK,21,0
26,MSG,871,1688316336,ACK,28,0
3,MSG,872,1688316336,ACK,28,0
13,MSG,873,1688316336,ACK,28,0
1,MSG,874,1688316336,ACK,28,0
34,MSG,875,1688316336,ACK,28,0
5,MSG,876,1688316336,ACK,28,0
35,MSG,877,1688316336,ACK,28,0
2,MSG,878,1688316336,ACK,28,0
28,MSG,879,1688316336,ACK,21,0
15,MSG,880,1688316336,ACK,28,0
27,MSG,881,1688316336,ACK,21,0
29,MSG,882,1688316336,ACK,21,0
7,MSG,883,1688316336,ACK,28,0
17,MSG,884,1688316336,ACK,28,0
31,MSG,885,1688316336,ACK,21,0
20,MSG,886,1688316336,ACK,28,0
36,MSG,887,1688316336,ACK,28,0
22,MSG,888,1688316336,ACK,28,0
32,MSG,889,1688316336,ACK,28,0
9,MSG,890,1688316336,ACK,28,0
30,MSG,891,1688316336,ACK,21,0
33,MSG,892,1688316336,ACK,21,0
18,MSG,893,1688316336,ACK,28,0
23,MSG,894,1688316336,ACK,28,0
26,MSG,895,1688316337,ACK,27,0
3,MSG,896,1688316337,ACK,27,0
13,MSG,897,1688316337,ACK,27,0
1,MSG,898,1688316337,ACK,27,0
34,MSG,899,1688316337,ACK,27,0
5,MSG,900,1688316337,ACK,27,0
35,MSG,901,1688316337,ACK,27,0
2,MSG,902,1688316337,ACK,27,0
28,MSG,903,1688316337,ACK,27,0
15,MSG,904,1688316337,ACK,27,0
29,MSG,905,1688316337,ACK,28,0
7,MSG,906,1688316337,ACK,27,0
17,MSG,907,1688316337,ACK,27,0
31,MSG,908,1688316337,ACK,28,0
20,MSG,909,1688316337,ACK,27,0
36,MSG,910,1688316337,ACK,27,0
22,MSG,911,1688316337,ACK,27,0
32,MSG,912,1688316337,ACK,27,0
9,MSG,913,1688316337,ACK,27,0
33,MSG,914,1688316337,ACK,28,0
30,MSG,915,1688316337,ACK,28,0
18,MSG,916,1688316337,ACK,27,0
23,MSG,917,1688316337,ACK,27,0
26,MSG,918,1688316338,ACK,8,0
3,MSG,919,1688316338,ACK,29,0
13,MSG,920,1688316338,ACK,29,0
25,MSG,921,1688316338,ACK,8,0
1,MSG,922,1688316338,ACK,8,0
34,MSG,923,1688316338,ACK,8,0
24,MSG,924,1688316338,ACK,8,0
5,MSG,925,1688316338,ACK,29,0
35,MSG,926,1688316338,ACK,8,0
21,MSG,927,1688316338,ACK,8,0
2,MSG,928,1688316338,ACK,29,0
28,MSG,929,1688316338,ACK,8,0
15,MSG,930,1688316338,ACK,29,0
27,MSG,931,1688316338,ACK,8,0
29,MSG,932,1688316338,ACK,27,0
7,MSG,933,1688316338,ACK,29,0
17,MSG,934,1688316338,ACK,8,0
31,MSG,935,1688316338,ACK,27,0
20,MSG,936,1688316338,ACK,8,0
36,MSG,937,1688316338,ACK,8,0
22,MSG,938,1688316338,ACK,8,0
32,MSG,939,1688316338,ACK,8,0
9,MSG,940,1688316338,ACK,29,0
30,MSG,941,1688316338,ACK,27,0
33,MSG,942,1688316338,ACK,27,0
18,MSG,943,1688316338,ACK,29,0
23,MSG,944,1688316338,ACK,8,0
26,MSG,945,1688316339,ACK,29,0
3,MSG,946,1688316339,ACK,8,0
14,MSG,947,1688316339,ACK,8,0
13,MSG,948,1688316339,ACK,8,0
11,MSG,949,1688316339,ACK,8,0
1,MSG,950,1688316339,ACK,29,0
34,MSG,951,1688316339,ACK,29,0
5,MSG,952,1688316339,ACK,8,0
10,MSG,953,1688316339,ACK,8,0
35,MSG,954,1688316339,ACK,29,0
2,MSG,955,1688316339,ACK,8,0
15,MSG,956,1688316339,ACK,8,0
29,MSG,957,1688316339,ACK,8,0
7,MSG,958,1688316339,ACK,8,0
17,MSG,959,1688316339,ACK,29,0
31,MSG,960,1688316339,ACK,8,0
19,MSG,961,1688316339,ACK,8,0
20,MSG,962,1688316339,ACK,29,0
36,MSG,963,1688316339,ACK,29,0
22,MSG,964,1688316339,ACK,29,0
32,MSG,965,1688316339,ACK,29,0
9,MSG,966,1688316339,ACK,8,0
33,MSG,967,1688316339,ACK,8,0
30,MSG,968,1688316339,ACK,8,0
18,MSG,969,1688316339,ACK,8,0
23,MSG,970,1688316339,ACK,29,0
16,MSG,971,1688316340,ACK,10,0
26,MSG,972,1688316340,ACK,31,0
3,MSG,973,1688316340,ACK,31,0
13,MSG,974,1688316340,ACK,31,0
1,MSG,975,1688316340,ACK,31,0
34,MSG,976,1688316340,ACK,31,0
5,MSG,977,1688316340,ACK,31,0
35,MSG,978,1688316340,ACK,31,0
2,MSG,979,1688316340,ACK,31,0
15,MSG,980,1688316340,ACK,31,0
7,MSG,981,1688316340,ACK,31,0
17,MSG,982,1688316340,ACK,31,0
31,MSG,983,1688316340,ACK,29,0
20,MSG,984,1688316340,ACK,31,0
36,MSG,985,1688316340,ACK,31,0
12,MSG,986,1688316340,ACK,8,0
22,MSG,987,1688316340,ACK,31,0
32,MSG,988,1688316340,ACK,31,0
9,MSG,989,1688316340,ACK,31,0
30,MSG,990,1688316340,ACK,29,0
33,MSG,991,1688316340,ACK,29,0
18,MSG,992,1688316340,ACK,31,0
23,MSG,993,1688316341,ACK,31,0
26,MSG,994,1688316341,ACK,19,0
3,MSG,995,1688316341,ACK,19,0
13,MSG,996,1688316341,ACK,19,0
25,MSG,997,1688316341,ACK,19,0
1,MSG,998,1688316341,ACK,19,0
34,MSG,999,1688316341,ACK,19,0
24,MSG,1000,1688316341,ACK,19,0
5,MSG,1001,1688316341,ACK,19,0
35,MSG,1002,1688316341,ACK,19,0
21,MSG,1003,1688316341,ACK,19,0
2,MSG,1004,1688316341,ACK,19,0
28,MSG,1005,1688316341,ACK,19,0
15,MSG,1006,1688316341,ACK,19,0
27,MSG,1007,1688316341,ACK,19,0
29,MSG,1008,1688316341,ACK,19,0
7,MSG,1009,1688316341,ACK,19,0
17,MSG,1010,1688316341,ACK,19,0
31,MSG,1011,1688316341,ACK,19,0
20,MSG,1012,1688316341,ACK,19,0
36,MSG,1013,1688316341,ACK,19,0
22,MSG,1014,1688316341,ACK,19,0
32,MSG,1015,1688316341,ACK,19,0
9,MSG,1016,1688316341,ACK,19,0
33,MSG,1017,1688316341,ACK,31,0
18,MSG,1018,1688316341,ACK,19,0
23,MSG,1019,1688316342,ACK,19,0
26,MSG,1020,1688316342,ACK,12,0
3,MSG,1021,1688316342,ACK,12,0
14,MSG,1022,1688316342,ACK,12,0
13,MSG,1023,1688316342,ACK,12,0
25,MSG,1024,1688316342,ACK,12,0
1,MSG,1025,1688316342,ACK,12,0
34,MSG,1026,1688316342,ACK,12,0
24,MSG,1027,1688316342,ACK,12,0
5,MSG,1028,1688316342,ACK,12,0
35,MSG,1029,1688316342,ACK,12,0
21,MSG,1030,1688316342,ACK,12,0
2,MSG,1031,1688316342,ACK,12,0
28,MSG,1032,1688316342,ACK,12,0
15,MSG,1033,1688316342,ACK,12,0
27,MSG,1034,1688316342,ACK,12,0
29,MSG,1035,1688316342,ACK,12,0
7,MSG,1036,1688316342,ACK,12,0
17,MSG,1037,1688316342,ACK,12,0
31,MSG,1038,1688316342,ACK,12,0
19,MSG,1039,1688316342,ACK,12,0
20,MSG,1040,1688316342,ACK,12,0
36,MSG,1041,1688316342,ACK,12,0
22,MSG,1042,1688316342,ACK,12,0
32,MSG,1043,1688316342,ACK,12,0
9,MSG,1044,1688316342,ACK,12,0
30,MSG,1045,1688316342,ACK,19,0
33,MSG,1046,1688316342,ACK,19,0
18,MSG,1047,1688316342,ACK,12,0
23,MSG,1048,1688316343,ACK,12,0
26,MSG,1049,1688316343,ACK,4,0
6,MSG,1050,1688316343,ACK,4,0
3,MSG,1051,1688316343,ACK,4,0
14,MSG,1052,1688316343,ACK,4,0
13,MSG,1053,1688316343,ACK,4,0
11,MSG,1054,1688316343,ACK,4,0
25,MSG,1055,1688316343,ACK,4,0
1,MSG,1056,1688316343,ACK,4,0
34,MSG,1057,1688316343,ACK,4,0
24,MSG,1058,1688316343,ACK,4,0
5,MSG,1059,1688316343,ACK,4,0
10,MSG,1060,1688316343,ACK,4,0
35,MSG,1061,1688316343,ACK,4,0
21,MSG,1062,1688316343,ACK,4,0
2,MSG,1063,1688316343,ACK,4,0
28,MSG,1064,1688316343,ACK,4,0
15,MSG,1065,1688316343,ACK,4,0
27,MSG,1066,1688316343,ACK,4,0
8,MSG,1067,1688316343,ACK,4,0
7,MSG,1068,1688316343,ACK,4,0
29,MSG,1069,1688316343,ACK,4,0
17,MSG,1070,1688316343,ACK,4,0
31,MSG,1071,1688316343,ACK,4,0
19,MSG,1072,1688316343,ACK,4,0
20,MSG,1073,1688316343,ACK,4,0
36,MSG,1074,1688316343,ACK,4,0
12,MSG,1075,1688316343,ACK,4,0
22,MSG,1076,1688316343,ACK,4,0
32,MSG,1077,1688316343,ACK,4,0
9,MSG,1078,1688316343,ACK,4,0
30,MSG,1079,1688316343,ACK,12,0
33,MSG,1080,1688316343,ACK,12,0
18,MSG,1081,1688316343,ACK,4,0
23,MSG,1082,1688316344,ACK,4,0
26,MSG,1083,1688316344,ACK,33,0
3,MSG,1084,1688316344,ACK,33,0
13,MSG,1085,1688316344,ACK,33,0
1,MSG,1086,1688316344,ACK,30,0
34,MSG,1087,1688316344,ACK,33,0
5,MSG,1088,1688316344,ACK,33,0
35,MSG,1089,1688316344,ACK,33,0
2,MSG,1090,1688316344,ACK,33,0
15,MSG,1091,1688316344,ACK,33,0
7,MSG,1092,1688316344,ACK,33,0
17,MSG,1093,1688316344,ACK,33,0
20,MSG,1094,1688316344,ACK,33,0
36,MSG,1095,1688316344,ACK,33,0
22,MSG,1096,1688316344,ACK,33,0
32,MSG,1097,1688316344,ACK,33,0
9,MSG,1098,1688316344,ACK,33,0
30,MSG,1099,1688316344,ACK,4,0
33,MSG,1100,1688316344,ACK,4,0
18,MSG,1101,1688316344,ACK,33,0
23,MSG,1102,1688316345,ACK,33,0
26,MSG,1103,1688316345,ACK,30,0
3,MSG,1104,1688316345,ACK,30,0
13,MSG,1105,1688316345,ACK,30,0
34,MSG,1106,1688316345,ACK,30,0
1,MSG,1107,1688316345,ACK,33,0
5,MSG,1108,1688316345,ACK,30,0
35,MSG,1109,1688316345,ACK,30,0
2,MSG,1110,1688316345,ACK,30,0
15,MSG,1111,1688316345,ACK,30,0
7,MSG,1112,1688316345,ACK,30,0
17,MSG,1113,1688316345,ACK,30,0
31,MSG,1114,1688316345,ACK,30,0
20,MSG,1115,1688316345,ACK,30,0
36,MSG,1116,1688316345,ACK,30,0
22,MSG,1117,1688316345,ACK,30,0
32,MSG,1118,1688316345,ACK,30,0
9,MSG,1119,1688316345,ACK,30,0
33,MSG,1120,1688316345,ACK,30,0
18,MSG,1121,1688316345,ACK,30,0
23,MSG,1122,1688316346,ACK,30,0
16,MSG,1123,1688316349,ACK,8,0
16,MSG,1124,1688316355,ACK,12,0
16,MSG,1125,1688316358,ACK,4,0
4,CS_ACCESS,1126,1688316381,,,
4,MSG,1127,1688316384,ACK,16,2
4,MSG,1128,1688316384,ACK,6,2
4,MSG,1129,1688316384,ACK,14,2
4,MSG,1130,1688316384,ACK,11,2
4,MSG,1131,1688316384,ACK,25,2
4,MSG,1132,1688316384,ACK,24,2
4,MSG,1133,1688316384,ACK,10,2
4,MSG,1134,1688316384,ACK,21,2
4,MSG,1135,1688316384,ACK,28,2
4,MSG,1136,1688316384,ACK,27,2
4,MSG,1137,1688316384,ACK,29,2
4,MSG,1138,1688316384,ACK,8,2
4,MSG,1139,1688316384,ACK,31,2
4,MSG,1140,1688316384,ACK,19,2
4,MSG,1141,1688316384,ACK,12,2
4,MSG,1142,1688316384,ACK,33,2
4,MSG,1143,1688316384,ACK,30,2
4,CS_LEAVE,1144,1688316384,,,
6,CS_ACCESS,1145,1688316386,,,
6,MSG,1146,1688316389,ACK,16,2
6,MSG,1147,1688316389,ACK,14,2
6,MSG,1148,1688316389,ACK,11,2
6,MSG,1149,1688316389,ACK,25,2
6,MSG,1150,1688316389,ACK,24,2
6,MSG,1151,1688316389,ACK,10,2
6,MSG,1152,1688316389,ACK,21,2
6,MSG,1153,1688316389,ACK,28,2
6,MSG,1154,1688316389,ACK,27,2
6,MSG,1155,1688316389,ACK,29,2
6,MSG,1156,1688316389,ACK,8,2
6,MSG,1157,1688316389,ACK,31,2
6,MSG,1158,1688316389,ACK,19,2
6,MSG,1159,1688316389,ACK,12,2
6,MSG,1160,1688316389,ACK,33,2
6,MSG,1161,1688316389,ACK,30,2
6,CS_LEAVE,1162,1688316389,,,
8,CS_ACCESS,1163,1688316390,,,
8,MSG,1164,1688316393,ACK,16,2
8,MSG,1165,1688316393,ACK,14,2
8,MSG,1166,1688316393,ACK,11,2
8,MSG,1167,1688316393,ACK,25,2
8,MSG,1168,1688316393,ACK,24,2
8,MSG,1169,1688316393,ACK,10,2
8,MSG,1170,1688316393,ACK,21,2
8,MSG,1171,1688316393,ACK,28,2
8,MSG,1172,1688316393,ACK,27,2
8,MSG,1173,1688316393,ACK,29,2
8,MSG,1174,1688316393,ACK,31,2
8,MSG,1175,1688316393,ACK,19,2
8,MSG,1176,1688316393,ACK,12,2
8,MSG,1177,1688316393,ACK,33,2
8,MSG,1178,1688316393,ACK,30,2
8,CS_LEAVE,1179,1688316393,,,
10,CS_ACCESS,1180,1688316395,,,
10,MSG,1181,1688316398,ACK,16,2
10,MSG,1182,1688316398,ACK,14,2
10,MSG,1183,1688316398,ACK,11,2
10,MSG,1184,1688316398,ACK,25,2
10,MSG,1185,1688316398,ACK,24,2
10,MSG,1186,1688316398,ACK,21,2
10,MSG,1187,1688316398,ACK,28,2
10,MSG,1188,1688316398,ACK,27,2
10,MSG,1189,1688316398,ACK,29,2
10,MSG,1190,1688316398,ACK,31,2
10,MSG,1191,1688316398,ACK,19,2
10,MSG,1192,1688316398,ACK,12,2
10,MSG,1193,1688316398,ACK,33,2
10,MSG,1194,1688316398,ACK,30,2
10,CS_LEAVE,1195,1688316398,,,
11,CS_ACCESS,1196,1688316400,,,
11,MSG,1197,1688316403,ACK,16,2
11,MSG,1198,1688316403,ACK,14,2
11,MSG,1199,1688316403,ACK,25,2
11,MSG,1200,1688316403,ACK,24,2
11,MSG,1201,1688316403,ACK,21,2
11,MSG,1202,1688316403,ACK,28,2
11,MSG,1203,1688316403,ACK,27,2
11,MSG,1204,1688316403,ACK,29,2
11,MSG,1205,1688316403,ACK,31,2
11,MSG,1206,1688316403,ACK,19,2
11,MSG,1207,1688316403,ACK,12,2
11,MSG,1208,1688316403,ACK,33,2
11,MSG,1209,1688316403,ACK,30,2
11,CS_LEAVE,1210,1688316403,,,
12,CS_ACCESS,1211,1688316404,,,
12,MSG,1212,1688316407,ACK,16,2
12,MSG,1213,1688316407,ACK,14,2
12,MSG,1214,1688316407,ACK,25,2
12,MSG,1215,1688316407,ACK,24,2
12,MSG,1216,1688316407,ACK,21,2
12,MSG,1217,1688316407,ACK,28,2
12,MSG,1218,1688316407,ACK,27,2
12,MSG,1219,1688316407,ACK,29,2
12,MSG,1220,1688316407,ACK,31,2
12,MSG,1221,1688316407,ACK,19,2
12,MSG,1222,1688316407,ACK,33,2
12,MSG,1223,1688316407,ACK,30,2
12,CS_LEAVE,1224,1688316407,,,
14,CS_ACCESS,1225,1688316409,,,
14,MSG,1226,1688316412,ACK,16,2
14,MSG,1227,1688316412,ACK,25,2
14,MSG,1228,1688316412,ACK,24,2
14,MSG,1229,1688316412,ACK,21,2
14,MSG,1230,1688316412,ACK,28,2
14,MSG,1231,1688316412,ACK,27,2
14,MSG,1232,1688316412,ACK,29,2
14,MSG,1233,1688316412,ACK,31,2
14,MSG,1234,1688316412,ACK,19,2
14,MSG,1235,1688316412,ACK,33,2
14,MSG,1236,1688316412,ACK,30,2
14,CS_LEAVE,1237,1688316412,,,
16,CS_ACCESS,1238,1688316414,,,
16,MSG,1239,1688316417,ACK,25,2
16,MSG,1240,1688316417,ACK,24,2
16,MSG,1241,1688316417,ACK,21,2
16,MSG,1242,1688316417,ACK,28,2
16,MSG,1243,1688316417,ACK,27,2
16,MSG,1244,1688316417,ACK,29,2
16,MSG,1245,1688316417,ACK,31,2
16,MSG,1246,1688316417,ACK,19,2
16,MSG,1247,1688316417,ACK,33,2
16,MSG,1248,1688316417,ACK,30,2
16,CS_LEAVE,1249,1688316417,,,
19,CS_ACCESS,1250,1688316418,,,
19,MSG,1251,1688316421,ACK,25,2
19,MSG,1252,1688316421,ACK,24,2
19,MSG,1253,1688316421,ACK,21,2
19,MSG,1254,1688316421,ACK,28,2
19,MSG,1255,1688316421,ACK,27,2
19,MSG,1256,1688316421,ACK,29,2
19,MSG,1257,1688316421,ACK,31,2
19,MSG,1258,1688316421,ACK,33,2
19,MSG,1259,1688316421,ACK,30,2
19,CS_LEAVE,1260,1688316421,,,
21,CS_ACCESS,1261,1688316423,,,
21,MSG,1262,1688316426,ACK,25,2
21,MSG,1263,1688316426,ACK,24,2
21,MSG,1264,1688316426,ACK,28,2
21,MSG,1265,1688316426,ACK,27,2
21,MSG,1266,1688316426,ACK,29,2
21,MSG,1267,1688316426,ACK,31,2
21,MSG,1268,1688316426,ACK,33,2
21,MSG,1269,1688316426,ACK,30,2
21,CS_LEAVE,1270,1688316426,,,
24,CS_ACCESS,1271,1688316428,,,
24,MSG,1272,1688316431,ACK,25,2
24,MSG,1273,1688316431,ACK,28,2
24,MSG,1274,1688316431,ACK,27,2
24,MSG,1275,1688316431,ACK,29,2
24,MSG,1276,1688316431,ACK,31,2
24,MSG,1277,1688316431,ACK,33,2
24,MSG,1278,1688316431,ACK,30,2
24,CS_LEAVE,1279,1688316431,,,
25,CS_ACCESS,1280,1688316433,,,
25,MSG,1281,1688316436,ACK,28,2
25,MSG,1282,1688316436,ACK,27,2
25,MSG,1283,1688316436,ACK,29,2
25,MSG,1284,1688316436,ACK,31,2
25,MSG,1285,1688316436,ACK,33,2
25,MSG,1286,1688316436,ACK,30,2
25,CS_LEAVE,1287,1688316436,,,
27,CS_ACCESS,1288,1688316437,,,
27,MSG,1289,1688316440,ACK,28,2
27,MSG,1290,1688316440,ACK,29,2
27,MSG,1291,1688316440,ACK,31,2
27,MSG,1292,1688316440,ACK,33,2
27,MSG,1293,1688316440,ACK,30,2
27,CS_LEAVE,1294,1688316440,,,
28,CS_ACCESS,1295,1688316442,,,
28,MSG,1296,1688316445,ACK,29,2
28,MSG,1297,1688316445,ACK,31,2
28,MSG,1298,1688316445,ACK,33,2
28,MSG,1299,1688316445,ACK,30,2
28,CS_LEAVE,1300,1688316445,,,
29,CS_ACCESS,1301,1688316446,,,
29,MSG,1302,1688316449,ACK,31,2
29,MSG,1303,1688316449,ACK,33,2
29,MSG,1304,1688316449,ACK,30,2
29,CS_LEAVE,1305,1688316449,,,
30,CS_ACCESS,1306,1688316451,,,
30,MSG,1307,1688316454,ACK,31,2
30,MSG,1308,1688316454,ACK,33,2
30,CS_LEAVE,1309,1688316454,,,
31,CS_ACCESS,1310,1688316455,,,
31,MSG,1311,1688316458,ACK,33,2
31,CS_LEAVE,1312,1688316458,,,
33,CS_ACCESS,1313,1688316460,,,
18,PROC_STOPPED,1314,1688316460,,,
23,PROC_STOPPED,1315,1688316460,,,
16,PROC_STOPPED,1316,1688316460,,,
26,PROC_STOPPED,1317,1688316460,,,
3,PROC_STOPPED,1318,1688316460,,,
6,PROC_STOPPED,1319,1688316460,,,
14,PROC_STOPPED,1320,1688316460,,,
13,PROC_STOPPED,1321,1688316460,,,
11,PROC_STOPPED,1322,1688316460,,,
25,PROC_STOPPED,1323,1688316460,,,
34,PROC_STOPPED,1324,1688316460,,,
1,PROC_STOPPED,1325,1688316460,,,
24,PROC_STOPPED,1326,1688316460,,,
5,PROC_STOPPED,1327,1688316460,,,
35,PROC_STOPPED,1328,1688316460,,,
10,PROC_STOPPED,1329,1688316460,,,
21,PROC_STOPPED,1330,1688316460,,,
2,PROC_STOPPED,1331,1688316460,,,
28,PROC_STOPPED,1332,1688316460,,,
15,PROC_STOPPED,1333,1688316460,,,
7,PROC_STOPPED,1334,1688316460,,,
27,PROC_STOPPED,1335,1688316460,,,
29,PROC_STOPPED,1336,1688316460,,,
8,PROC_STOPPED,1337,1688316460,,,
17,PROC_STOPPED,1338,1688316460,,,
31,PROC_STOPPED,1339,1688316460,,,
19,PROC_STOPPED,1340,1688316460,,,
20,PROC_STOPPED,1341,1688316460,,,
36,PROC_STOPPED,1342,1688316460,,,
12,PROC_STOPPED,1343,1688316460,,,
22,PROC_STOPPED,1344,1688316460,,,
32,PROC_STOPPED,1345,1688316460,,,
9,PROC_STOPPED,1346,1688316460,,,
4,PROC_STOPPED,1347,1688316460,,,
30,PROC_STOPPED,1348,1688316461,,,
33,PROC_STOPPED,1349,1688316461,,,
,END,1350,1688316461,2023-07-02 16:47:41,False
