procID,event_type,logical_clock,real_clock,msg,msg_receiver,msg_ts
,START,0,1688313776,2023-07-02 16:02:56,False
4,MSG,1,1688313776,1,1,2
4,MSG,2,1688313776,1,2,2
4,MSG,3,1688313776,1,3,2
4,CS_REQUESTED,4,1688313776,,,
1,MSG,5,1688313776,1,2,2
1,MSG,6,1688313776,1,3,2
1,MSG,7,1688313776,1,4,2
1,CS_REQUESTED,8,1688313776,,,
2,MSG,9,1688313776,1,1,2
2,MSG,10,1688313776,1,3,2
2,MSG,11,1688313776,1,4,2
2,CS_REQUESTED,12,1688313776,,,
4,MSG,13,1688313777,2,1,0
3,MSG,14,1688313777,2,4,0
4,MSG,15,1688313778,2,2,0
3,MSG,16,1688313778,1,1,3
3,MSG,17,1688313778,1,2,3
3,MSG,18,1688313778,1,4,3
3,CS_REQUESTED,19,1688313778,,,
3,MSG,20,1688313778,2,1,0
2,MSG,21,1688313778,2,1,0
3,MSG,22,1688313779,2,2,0
1,CS_ACCESS,23,1688313783,,,
1,MSG,24,1688313786,2,4,3
1,MSG,25,1688313786,2,2,3
1,MSG,26,1688313786,2,3,3
1,CS_LEAVE,27,1688313786,,,
2,CS_ACCESS,28,1688313787,,,
1,MSG,29,1688313788,1,2,4
1,MSG,30,1688313788,1,3,4
1,MSG,31,1688313788,1,4,4
1,CS_REQUESTED,32,1688313788,,,
2,MSG,33,1688313790,2,4,4
2,MSG,34,1688313790,2,3,4
2,MSG,35,1688313790,2,1,4
2,CS_LEAVE,36,1688313790,,,
4,CS_ACCESS,37,1688313792,,,
2,MSG,38,1688313793,1,1,5
2,MSG,39,1688313793,1,3,5
2,MSG,40,1688313793,1,4,5
2,CS_REQUESTED,41,1688313793,,,
4,MSG,42,1688313795,2,3,5
4,MSG,43,1688313795,2,1,5
4,MSG,44,1688313795,2,2,5
4,CS_LEAVE,45,1688313795,,,
4,MSG,46,1688313796,1,1,6
4,MSG,47,1688313796,1,2,6
4,MSG,48,1688313796,1,3,6
4,CS_REQUESTED,49,1688313796,,,
3,CS_ACCESS,50,1688313796,,,
4,PROC_STOPPED,51,1688313797,,,
3,PROC_STOPPED,52,1688313797,,,
2,PROC_STOPPED,53,1688313797,,,
1,PROC_STOPPED,54,1688313798,,,
,END,55,1688313798,2023-07-02 16:03:18,False
